COBRES BASIN - 2KM GRID
 GRID SQUARES IN X,Y DIRECTIONS
     17     29      0
:FR4   START TIME OF SIMULATION 
   1977     10      1      0      0
:FR6   END TIME OF SIMULATION 
   1977     12      1      0      0
:FR7a  START TIME OF SEDIMENT SIMULATION 
   1977     10      2      0      0
:FR7b  START TIME OF CONTAMINANT SIMULATION 
   1997     12     18      0      0
 GRID SPACING IN X DIRECTION
2000.002000.002000.002000.002000.002000.002000.002000.002000.002000.00
2000.002000.002000.002000.002000.002000.00
 GRID SPACING IN Y DIRECTION
2000.002000.002000.002000.002000.002000.002000.002000.002000.002000.00
2000.002000.002000.002000.002000.002000.002000.002000.002000.002000.00
2000.002000.002000.002000.002000.002000.002000.002000.00
 PRINT CONTROL PARAMETERS
   1.00      2      T      F      F      F 20000.
 BASIC TIMESTEP DATA
   1.00   0.05  9999.   1.00      T
 PRINT CONTROL PARAMETERS
      F      F      F      F      F      F      F      F      F      F
 COMPONENT EXECUTION CONTROL PARAMETERS
      F      F      T      F  
 HOTSTART PARAMETERS
      F      F   0.00   0.00
 NO. OF MET./RAINFALL STATIONS, VEG. AND SOIL TYPES
      1      5      1      1      1
 RIVER LINING PARAMETERS
      F   0.10   0.00      F
 DEFAULT VALUES FOR MET,RAINFALL,VEG,SOIL TYPES
      1      0      1      1
 COMPUTATIONAL GRID DEFINITION
     29 00000000000000000 
     28 00000000000010000 
     27 00000000000110000 
     26 00000000000111000 
     25 00000000001111000 
     24 00000000011111100 
     23 00000000011111110 
     22 00000000111111110
     21 00000001111111100 
     20 00001111111111000 
     19 00011111111110000 
     18 00111111111110000 
     17 00111111111111000 
     16 00011111111110000 
     15 00111111111100000 
     14 00111111111000000 
     13 00111111110000000 
     12 01111111100000000 
     11 01111111100000000 
     10 01111111100000000 
      9 00111111100000000 
      8 00111111000000000 
      7 00011111000000000 
      6 00001111000000000 
      5 00001111000000000 
      4 00001110000000000 
      3 00001110000000000 
      2 00000100000000000 
      1 00000000000000000 
   EAST TO WEST FLOW CODES : NS links
     29 IIIIIIIIIIIIIIIIII 
     28 IIIIIIIIIIIIIIIIII 
     27 IIIIIIIIIIIIRIIIII 
     26 IIIIIIIIIIIIRRIIII 
     25 IIIIIIIIIII.RRIIII 
     24 IIIIIIIIII..R.RIII
     23 IIIIIIIIIIR..RR.II
     22 IIIIIIIII.R....RII
     21 IIIIIIII.R...RRIII 
     20 IIIII..R.R..R.IIII 
     19 IIII.R...R.RRIIIII 
     18 III...RR.R..RIIIII 
     17 III.RR..R...R.IIII 
     16 IIII.R.R..RRRIIIII 
     15 III.....RR.RIIIIII 
     14 IIIR...RRR.IIIIIII 
     13 IIIR.R.RRRIIIIIIII 
     12 IIR.R.RRRIIIIIIIII 
     11 IIRRR..RRIIIIIIIII 
     10 II.RRR..RIIIIIIIII 
      9 IIIRRR.RRIIIIIIIII 
      8 III.RRRRIIIIIIIIII 
      7 IIIIRRRRIIIIIIIIII 
      6 IIIIIRRRIIIIIIIIII 
      5 IIIIIR.RIIIIIIIIII 
      4 IIIII.RIIIIIIIIIII 
      3 IIIII.RIIIIIIIIIII 
      2 IIIIIIIIIIIIIIIIII 
      1 IIIIIIIIIIIIIIIIII    
  NORTH-TO-SOUTH FLOW CODES : ew links
     30 IIIIIIIIIIIIIIIII
     29 IIIIIIIIIIIIIIIII
     28 IIIIIIIIIIII.IIII 
     27 IIIIIIIIIII..IIII 
     26 IIIIIIIIIII...III
     25 IIIIIIIIII...RIII 
     24 IIIIIIIII.RRR..II 
     23 IIIIIIIII...RRRWI 
     22 IIIIIIII.R..RRRII
     21 IIIIIIIRR..RR.III 
     20 IIII.RR....R.IIII 
     19 IIIRR.RRR.R..IIII 
     18 II..RR..R...RIIII 
     17 IIIR...R.RRR.IIII 
     16 III.....RR..IIIII 
     15 II.....R...IIIIII 
     14 II.RRRR...IIIIIII 
     13 IIR.R.R..IIIIIIII 
     12 I..R.R...IIIIIIII 
     11 I...R...RIIIIIIII 
     10 II.....R.IIIIIIII 
      9 II....R.IIIIIIIII 
      8 III.....IIIIIIIII 
      7 IIII....IIIIIIIII 
      6 IIII....IIIIIIIII 
      5 IIII..RIIIIIIIIII 
      4 IIII...IIIIIIIIII 
      3 IIIII.IIIIIIIIIII 
      2 IIIIIIIIIIIIIIIII
      1 IIIIIIIIIIIIIIIII
 GROUND SURFACE ELEVATION
     29
   0.00   0.00   0.00   0.00   0.00   0.00   0.00   0.00   0.00   0.00
   0.00   0.00   0.00   0.00   0.00   0.00   0.00
     28
   0.00   0.00   0.00   0.00   0.00   0.00   0.00   0.00   0.00   0.00
   0.00   0.00 196.00   0.00   0.00   0.00   0.00
     27
   0.00   0.00   0.00   0.00   0.00   0.00   0.00   0.00   0.00   0.00
   0.00 176.00 186.00   0.00   0.00   0.00   0.00
     26
   0.00   0.00   0.00   0.00   0.00   0.00   0.00   0.00   0.00   0.00
   0.00 175.00 178.00 182.00   0.00   0.00   0.00
     25
   0.00   0.00   0.00   0.00   0.00   0.00   0.00   0.00   0.00   0.00
 166.00 160.00 170.00 175.00   0.00   0.00   0.00
     24
   0.00   0.00   0.00   0.00   0.00   0.00   0.00   0.00   0.00 155.00
 151.00 147.00 151.00 158.00 161.00   0.00   0.00
     23
   0.00   0.00   0.00   0.00   0.00   0.00   0.00   0.00   0.00 154.00
 147.00 136.00 132.00 120.00 140.00 115.00   0.00
     22
   0.00   0.00   0.00   0.00   0.00   0.00   0.00   0.00 171.00 152.00
 150.00 151.00 143.00 119.00 117.00 115.00   0.00
     21
   0.00   0.00   0.00   0.00   0.00   0.00   0.00 175.00 169.00 155.00
 167.00 159.00 140.00 126.00 123.00   0.00   0.00
     20
   0.00   0.00   0.00   0.00 189.00 185.00 177.00 174.00 169.00 162.00
 178.00 160.00 141.00 146.00   0.00   0.00   0.00
     19
   0.00   0.00   0.00 200.00 199.00 182.00 175.00 176.00 175.00 174.00
 177.00 158.00 155.00   0.00   0.00   0.00   0.00
     18
   0.00   0.00 207.00 199.00 200.00 192.00 178.00 175.00 174.00 178.00
 176.00 159.00 167.00   0.00   0.00   0.00   0.00
     17
   0.00   0.00 208.00 200.00 198.00 195.00 184.00 175.00 169.00 166.00
 163.00 176.00 194.00 200.00   0.00   0.00   0.00
     16
   0.00   0.00   0.00 226.00 204.00 202.00 201.00 195.00 180.00 159.00
 160.00 174.00 190.00   0.00   0.00   0.00   0.00
     15
   0.00   0.00 231.00 230.00 221.00 220.00 208.00 190.00 160.00 165.00
 175.00 180.00   0.00   0.00   0.00   0.00   0.00
     14
   0.00   0.00 227.00 224.00 216.00 215.00 204.00 179.00 177.00 186.00
 196.00   0.00   0.00   0.00   0.00   0.00   0.00
     13
   0.00   0.00 233.00 222.00 202.00 194.00 185.00 189.00 196.00 207.00
   0.00   0.00   0.00   0.00   0.00   0.00   0.00
     12
   0.00 248.00 236.00 226.00 210.00 213.00 202.00 198.00 216.00   0.00
   0.00   0.00   0.00   0.00   0.00   0.00   0.00
     11
   0.00 249.00 246.00 236.00 224.00 228.00 225.00 208.00 227.00   0.00
   0.00   0.00   0.00   0.00   0.00   0.00   0.00
     10
   0.00 250.00 249.00 244.00 238.00 254.00 250.00 219.00 233.00   0.00
   0.00   0.00   0.00   0.00   0.00   0.00   0.00
      9
   0.00   0.00 251.00 247.00 245.00 258.00 254.00 231.00 251.00   0.00
   0.00   0.00   0.00   0.00   0.00   0.00   0.00
      8
   0.00   0.00 260.00 254.00 253.00 263.00 252.00 236.00   0.00   0.00
   0.00   0.00   0.00   0.00   0.00   0.00   0.00
      7
   0.00   0.00   0.00 271.00 272.00 273.00 267.00 247.00   0.00   0.00
   0.00   0.00   0.00   0.00   0.00   0.00   0.00
      6
   0.00   0.00   0.00   0.00 275.00 275.00 277.00 256.00   0.00   0.00
   0.00   0.00   0.00   0.00   0.00   0.00   0.00
      5
   0.00   0.00   0.00   0.00 287.00 289.00 280.00 277.00   0.00   0.00
   0.00   0.00   0.00   0.00   0.00   0.00   0.00
      4
   0.00   0.00   0.00   0.00 301.00 299.00 282.00   0.00   0.00   0.00
   0.00   0.00   0.00   0.00   0.00   0.00   0.00
      3
   0.00   0.00   0.00   0.00 376.00 320.00 358.00   0.00   0.00   0.00
   0.00   0.00   0.00   0.00   0.00   0.00   0.00
      2
   0.00   0.00   0.00   0.00   0.00 360.00   0.00   0.00   0.00   0.00
   0.00   0.00   0.00   0.00   0.00   0.00   0.00
      1
   0.00   0.00   0.00   0.00   0.00   0.00   0.00   0.00   0.00   0.00
   0.00   0.00   0.00   0.00   0.00   0.00   0.00
 RAINFALL STATIONS
     29 00000000000000000
     28 00000000000050000
     27 00000000000550000
     26 00000000000444000
     25 00000000004444000
     24 00000000044444400
     23 00000000044444440
     22 00000000444444440
     21 00000004444444400
     20 00002222444444000
     19 00022222333340000
     18 00222222333330000
     17 00222222333333000
     16 00022222333330000
     15 00222222333300000
     14 00222222333000000
     13 00222222330000000
     12 02222222300000000
     11 02222222300000000
     10 02222222300000000
      9 00211111100000000
      8 00111111000000000
      7 00011111000000000
      6 00001111000000000
      5 00001111000000000
      4 00001110000000000
      3 00001110000000000
      2 00000100000000000
      1 00000000000000000
:FR52 - OUTPUT DISCHARGE TIMESTEP(HOURS)
   1.00 