 COBRES CHANNEL DATA
      1      0      1      F
 TIMESTEPS
     1. 99999.
 SMIN,   CDRS,  TDC,  TFC,   DET
  1000.     6.     0. 99999.     0.
 GRID ELEMENT BOUNDARIES
      0      0      0
 DEFAULT CHANNEL CROSS-SECTIONS
      0
  OC35 : CHANNEL DATA
      1 275.00    .05  25.00      2
   1.80    .00   2.00    .66
      2 265.00    .05  25.00      2
   7.93    .00   8.81   2.91
      3 260.00    .05  25.00      2
   9.89    .00  10.99   3.63
      4 275.00    .05  25.00      2
   1.80    .00   2.00    .66
      5 255.00    .05  25.00      2
  11.32    .00  12.57   1.26
      6 265.00    .05  25.00      2
   7.93    .00   8.81   2.91
      7 250.00    .05  25.00      2
   1.80    .00   2.00    .66
      8 250.00    .05  30.00      2
  12.48    .00  13.86   1.39
      9 260.00    .05  25.00      2
   1.80    .00   2.00    .66
     10 255.00    .05  25.00      2
   9.89    .00  10.99   3.63
     11 245.00    .05  25.00      2
   7.93    .00   8.81   2.91
     12 235.00    .05  30.00      2
  13.48    .00  14.97   1.50
     13 250.00    .05  25.00      2
   7.93    .00   8.81   2.91
     14 245.00    .05  25.00      2
  11.32    .00  12.57   1.26
     15 235.00    .05  25.00      2
   9.89    .00  10.99   3.63
     16 225.00    .05  30.00      2
  14.36    .00  15.95   1.60
     17 230.00    .05  25.00      2
  11.32    .00  12.57   1.26
     18 245.00    .05  25.00      2
   1.80    .00   2.00    .66
     19 245.00    .05  25.00      2
   9.89    .00  10.99   3.63
     20 235.00    .05  30.00      2
  12.48    .00  13.86   1.39
     21 220.00    .05  30.00      2
  17.80    .00  19.78   1.98
     22 225.00    .05  25.00      2
   1.80    .00   2.00    .66
     23 215.00    .05  30.00      2
  18.37    .00  20.41   2.04
     24 240.00    .05  25.00      2
   7.93    .00   8.81   2.91
     25 227.00    .05  25.00      2
  11.32    .00  12.57   1.26
     26 225.00    .05  30.00      2
  13.48    .00  14.97   1.50
     27 210.00    .05  30.00      2
  19.42    .00  21.58   2.16
     28 220.00    .05  30.00      2
  14.36    .00  15.95   1.60
     29 225.00    .05  25.00      2
   1.80    .00   2.00    .66
     30 240.00    .05  25.00      2
   1.80    .00   2.00    .66
     31 230.00    .05  25.00      2
   9.89    .00  10.99   3.63
     32 215.00    .05  30.00      2
  17.80    .00  19.78   1.98
     33 205.00    .05  25.00      2
   1.80    .00   2.00    .66
     34 200.00    .05  30.00      2
  20.39    .00  22.66   2.27
     35 220.00    .05  25.00      2
  11.32    .00  12.57   1.26
     36 210.00    .05  25.00      2
   1.80    .00   2.00    .66
     37 235.00    .05  25.00      2
   7.93    .00   8.81   2.91
     38 205.00    .05  30.00      2
  20.39    .00  22.66   2.27
     39 200.00    .05  25.00      2
   7.93    .00   8.81   2.91
     40 190.00    .05  25.00      2
   7.93    .00   8.81   2.91
     41 180.00    .05  30.00      2
  20.85    .00  23.16   2.32
     42 225.00    .05  25.00      2
   9.89    .00  10.99   3.63
     43 195.00    .05  30.00      2
  20.85    .00  23.16   2.32
     44 182.00    .05  25.00      2
   9.89    .00  10.99   3.63
     45 220.00    .05  25.00      2
  11.32    .00  12.57   1.26
     46 185.00    .05  30.00      2
  21.29    .00  23.65   2.37
     47 175.00    .05  30.00      2
  13.48    .00  14.97   1.50
     48 175.00    .05  30.00      2
  21.29    .00  23.65   2.37
     49 190.00    .05  25.00      2
   1.80    .00   2.00    .66
     50 205.00    .05  30.00      2
  13.48    .00  14.97   1.50
     51 188.00    .05  30.00      2
  14.36    .00  15.95   1.60
     52 175.00    .05  30.00      2
  24.38    .00  27.09   2.71
     53 172.00    .05  30.00      2
  24.72    .00  27.47   2.75
     54 222.00    .05  25.00      2
   1.80    .00   2.00    .66
     55 168.00    .05  30.00      2
  26.93    .00  29.93   2.99
     56 168.00    .05  30.00      2
  21.71    .00  24.13   2.41
     57 170.00    .05  25.00      2
   7.93    .00   8.81   2.91
     58 163.00    .05  30.00      2
  27.23    .00  30.25   3.03
     59 157.00    .05  30.00      2
  32.49    .00  36.10   3.61
     60 157.00    .05  25.00      2
   9.89    .00  10.99   3.63
     61 170.00    .05  25.00      2
   1.80    .00   2.00    .66
     62 154.00    .05  30.00      2
  32.70    .00  36.34   3.63
     63 148.00    .05  30.00      2
  33.55    .00  37.28   3.73
     64 200.00    .05  25.00      2
   1.80    .00   2.00    .66
     65 190.00    .05  25.00      2
   1.80    .00   2.00    .66
     66 143.00    .05  30.00      2
  33.76    .00  37.51   3.75
     67 155.00    .05  25.00      2
   7.93    .00   8.81   2.91
     68 160.00    .05  25.00      2
   1.80    .00   2.00    .66
     69 197.00    .05  25.00      2
   1.80    .00   2.00   1.50
     70 174.00    .05  25.00      2
   7.93    .00   8.81   2.91
     71 150.00    .05  25.00      2
   1.80    .00   2.00    .66
     72 140.00    .05  30.00      2
  34.17    .00  37.97   3.80
     73 135.00    .05  30.00      2
  34.77    .00  38.63   3.86
     74 195.00    .05  25.00      2
   7.93    .00   8.81   2.91
     75 194.00    .05  25.00      2
   7.93    .00   8.81   2.91
     76 168.00    .05  25.00      2
   9.89    .00  10.99   3.63
     77 130.00    .05  30.00      2
  35.16    .00  39.07   3.91
     78 192.00    .05  25.00      2
   9.89    .00  10.99   3.63
     79 188.00    .05  30.00      2
  13.48    .00  14.97   1.50
     80 167.00    .05  25.00      2
  11.32    .00  12.57   1.26
     81 140.00    .05  25.00      2
   1.80    .00   2.00    .66
     82 176.00    .05  30.00      2
  14.36    .00  15.95   1.60
     83 176.00    .05  25.00      2
   1.80    .00   2.00   1.00
     84 165.00    .05  30.00      2
  12.48    .00  13.86   1.39
     85 125.00    .05  30.00      2
  35.54    .00  39.49   3.95
     86 190.00    .05  25.00      2
   1.80    .00   2.00    .66
     87 185.00    .05  25.00      2
   7.93    .00   8.81   2.91
     88 172.00    .05  30.00      2
  15.16    .00  16.84   1.68
     89 168.00    .05  30.00      2
  16.57    .00  18.41   1.84
     90 162.00    .05  30.00      2
  17.21    .00  19.12   1.91
     91 175.00    .05  25.00      2
   1.80    .00   2.00    .66
     92 180.00    .05  25.00      2
   9.89    .00  10.99   3.63
     93 158.00    .05  30.00      2
  20.39    .00  22.66   2.27
     94 155.00    .05  25.00      2
   7.93    .00   8.81   2.91
     95 121.00    .05  30.00      2
  35.73    .00  39.70   3.97
     96 175.00    .05  25.00      2
  11.32    .00  12.57   1.26
     97 170.00    .05  30.00      2
  12.48    .00  13.86   1.39
     98 135.00    .05  25.00      2
   9.89    .00  10.99   3.63
     99 167.00    .05  30.00      2
  13.48    .00  14.97   1.50
    100 155.00    .05  30.00      2
  20.85    .00  23.16   2.32
    101 116.00    .05  30.00      2
  36.47    .00  40.53   4.05
    102 164.00    .05  30.00      2
  14.36    .00  15.95   1.60
    103 160.00    .05  30.00      2
  15.16    .00  16.84   1.68
    104 150.00    .05  25.00      2
   1.80    .00   2.00    .66
    105 111.00    .05  30.00      2
  36.84    .00  40.93   4.09
    106 150.00    .05  25.00      2
  24.72    .00  27.47   2.75
    107 105.00    .05  30.00      2
  24.38    .00  27.09   2.71
    108 120.00    .05  30.00      2
  37.01    .00  41.13   4.11
    109 145.00    .05  30.00      2
  24.72    .00  27.47   2.75
    110 135.00    .05  25.00      2
   1.80    .00   2.00    .66
    111 100.00    .05  30.00      2
  37.37    .00  41.52   4.15
    112  96.00    .05  30.00      2
  37.72    .00  41.91   4.19
    113 140.00    .05  30.00      2
  25.06    .00  27.84   2.78
    114  94.00    .05  30.00      2
  37.89    .00  42.10   4.21
    115 125.00    .05  25.00      2
   1.80    .00   2.00    .66
    116 100.00    .05  30.00      2
  28.35    .00  31.50   3.15
    117  93.00    .05  30.00      2
  29.92    .00  33.24   3.32
    118  90.00    .05  30.00      2
  44.91    .00  53.00   4.99
             1  50.00    .70   90.1   85.0
    119 135.00    .05  30.00      2
  25.38    .00  28.21   2.82
    120 105.00    .05  30.00      2
  27.80    .00  30.89   3.09
    121 115.00    .05  30.00      2
  12.48    .00  13.86   1.39
    122 130.00    .05  30.00      2
  25.71    .00  28.56   2.86
    123 120.00    .05  30.00      2
  26.02    .00  28.91   2.89
    124 110.00    .05  30.00      2
  27.52    .00  30.57   3.06
    125 130.00    .05  25.00      2
  11.32    .00  12.57   1.26
    126 125.00    .05  25.00      2
  11.32    .00  12.57   1.26
    127 150.00    .05  25.00      2
   9.89    .00  10.99   3.63
    128 140.00    .05  25.00      2
   9.89    .00  10.99   3.63
    129 160.00    .05  25.00      2
   7.93    .00   8.81   2.91
    130 150.00    .05  25.00      2
   7.93    .00   8.81   2.91
    131 175.00    .05  25.00      2
   1.80    .00   2.00    .66
    132 165.00    .05  25.00      2
   1.80    .00   2.00    .96
