:VS01 simulation title                                                          
       VSS Test data
:VS02 logical flags: BFAST,BSOILP,BHELEV                                        
      F      T      F
:VS03 integer variables NS,NCSZON,NCRBED,INITYP                                 
     10     35      0      1
:VS04 real variables VSIPSD,VSZMIN,VSZMAX,VSWV,VSWL                             
    1.0      0      0    1.0    1.0
:VS05 physical property data (IS,IVSFLG,IVSNTB / KX,KY,KZ,THSAT,THRES,SS,N,ALF) 
      1      1      0                peat om1
 5.0 5.0 5.0 0.80 0.30 0.0010 1.5360 0.012
      2      1      0                peat om2
 0.5 0.5 0.5 0.80 0.30 0.0010 1.5360 0.012
      3      1      0                peat om3
 0.05 0.05 0.05 0.80 0.30 0.0010 1.5360 0.012
      4      1      0                peat om4
 0.001 0.001 0.001 0.80 0.30 0.0010 1.5360 0.012
      5      1      0           belmont/anglezarke a
 2.12 2.12 2.12 0.602 0.135 0.0010 1.40 0.0060
      6      1      0           belmont/anglezarke b
 8.00 8.00 8.00 0.545 0.068 0.0010 1.574 0.00159
      7      1      0           belmont/anglezarke c
 1.55 1.55 1.55 0.617 0.208 0.0010 1.308 0.00083
      8      1      0           wilcocks a
 0.427 0.427 0.427 0.858 0.422 0.0010 1.46 0.00021
      9      1      0           wilcocks a
 0.391 0.391 0.391 0.512 0.207 0.0010 1.574 0.00159
     10      1      0           wilcocks a
 0.004 0.004 0.004 0.461 0.222 0.0010 1.585 0.000039
:VS06 cell sizes                                                                
    0.1    0.1    0.1    0.1    0.1    0.1    0.1    0.1    0.1    0.1
    0.2    0.2    0.2    0.2    0.2    0.2    0.2    0.2    0.2    0.2
    1.0    1.0    1.0    1.0    1.0    1.0    1.0    1.0    1.0    1.0
    2.0    2.0    2.0    2.0    2.0
:VS08 no. of categories for layer definitions                                   
      3      0
:VS08a category; no. of layers; soil/lith type; depth                           
      1      4
             4      3      2      1
           1.2    0.7    0.4    0.1
      2      3
             7      6      5
           1.0    0.6    0.3
      3      3
            10      9      8
           1.0    0.6    0.2
VS08c  soil and aquifer distribution grid                                      
     69 1111111111111111111111111111111111111111111122222211111111111
     68 1111111111111111111111111111111111111111111122222211111111111
     67 1111111111111111111111111111111111111111111122222211111111111
     66 1111111111111111111111111111111111111111111111111111111111111
     65 1111111111111111111111111111111122111111111111111111111111111
     64 1111111111111111111111111111111112221111111111111111111111111
     63 1111111111111111111111111111111112222222111111111111111111111
     62 1111111111111111111111111111111112222222211111111111111111111
     61 1111111111111111111111111111111111222222222111111111111111111
     60 1111111111111111111111111111111111122222222221111111111111111
     59 1111111111111111111111111111111111112222222222221111111111111
     58 1111111111111111111111111111111111112222222222221111111111111
     57 1111111111111111111111111111111111112222222222222211111111111
     56 1111111111111111111111111111111111112222222222211111111111111
     55 1111111111111111111111111111111111111222222222211111111111111
     54 1111111111111111111111111111111111111122222122222222222222222
     53 1111111111111111111111111111111111111122222112221121112222222
     52 1111111111111111111111111111111111111122222111111111111222222
     51 1111111111111111111111111111111111111122222222221111121122222
     50 1111111111111111111111111111111111111222222211111111112112222
     49 1111111111111111111111111111111111222222222222111111112222222
     48 1111111111111111111111111111111112222222222222111111112222222
     47 1111111111111111111111111111111111222222222221111111112222222
     46 2211111111111111111111111111111112222222211111111111111122222
     45 1111111111111111111111111111111122222222211121111111111111111
     44 1111111111111111111111111111111122112222211111111111111111111
     43 1111111111111111111111111111111221112222111111111111111111111
     42 1111111111111111111111111111111211112222111111111111111111111
     41 1111111111111111111111111111111111112222111111111111111111111
     40 1111111111111111111111111111111111112222111111111111111111111
     39 1111111111111111111111111111111111122222111111111111111111111
     38 1111111111111111111111111111111112222222211111111111111111111
     37 1111111111111111111111111111111112222222221111111111111111111
     36 1111111111111111111111111111111111122222222221111111111111111
     35 1111111111111111111111111111111111122222222222111111111111111
     34 1111111111111111111111111111111111222222222222111111111111111
     33 1111111111111111111111111111111111222222222222211111111111111
     32 1111111111111111111111111111111111222222222222211111111111111
     31 1111111111111111111111111111111111222222222222221111111111111
     30 1111111111111111111111111111111111222222222222222222211111111
     29 1111111111111111111111111111111112223322222222222222211111111
     28 1111111111111222111111111111111112233332222222222222211111111
     27 1111111111112222111111111111111112333333222222222222111111111
     26 3311111111112222111111111222122223333333222222222222111111111
     25 3333311311111222222222222222222223333333222222222111111111111
     24 3333111311112222222222222222222333322222222222221111111111111
     23 3333111111122222222222222222223333222222222222222221111111111
     22 3333311111111222222222222222222222222222222222222211111111111
     21 3331111111111122222222222222222222211122222222222221111111111
     20 3311111111111111111122222222222222211222222222222211111111111
     19 3311111111111111111111122222222222211122222222222211111111111
     18 3333311111111111111111122222222222211111222222222211111111111
     17 3333333311111111111111222222222222211111222222222111111111111
     16 3333331111111111111112222222222222222222222222222221111111111
     15 1113331111111111111112222222222222222222222222222222221111111
     14 1111111111111111111112222222222222222222222222222211111111111
     13 1111111111111111111122222222222222222222222222222211111111111
     12 1111111111111111111122222222222222222222222222222211111111111
     11 1111111111111111111111111112222222222222222222222211111111111
     10 1111111111111111111111111112222222222222222222222111111111111
      9 1111111111111111111111111111122222222222222222222111111122222
      8 1111111111111111111111111111122222222222222222211111222222222
      7 1111111111111112222211111111222222222222222221111111122222222
      6 1111111111111222222222111111222222222222222222111111222222222
      5 1111111111112222222222211111122222222222222222222112222222222
      4 1111111112222222222222221111122222222222222222222222222222222
      3 1111111112222222222222222111122222222222222222222222222222222
      2 1111111112222222222222222111222222222222222222222222222222222
      1 1111111112222222222222222111222222222222222222222222222222222
:VS10 user defined connectivities                                               
      0
:VS11 no. of categories for boundary conditions                                 
      0      0      0      0      0      0      0      0
