:VS01 simulation title                                                          
            VSS data
:VS02 logical flags: BFAST,BSOILP,BHELEV                                        
      F      T      F
:VS03 integer variables NS,NCSZON,NCRBED,INITYP                                 
      7     35      0      1
:VS04 real variables VSIPSD,VSZMIN,VSZMAX,VSWV,VSWL                             
    0.0      0      0    1.0    1.0
:VS05 physical property data (IS,IVSFLG,IVSNTB / KX,KY,KZ,THSAT,THRES,SS,N,ALF) 
      1      1      0          Coarse(18%:clayAnd:65%sand)   
 60.000  60.000  60.000  0.4030  0.0250  0.0010  1.3774  0.0383
      2      1      0          Peat                          
 8.0000  8.0000  8.0000  0.7660  0.0100  0.0010  1.2039  0.0130
      3      1      0          HighlyProductiveAquiferThrough
 62.500  62.500  62.500  0.3000  0.2000  0.0010  6.0000  0.0010
      4      1      0          Peat                          
 8.0000  8.0000  8.0000  0.7660  0.0100  0.0010  1.2039  0.0130
      5      1      0          HighlyProductiveAquiferThrough
 62.500  62.500  62.500  0.3000  0.2000  0.0010  6.0000  0.0010
      6      1      0          Medium(18%:clay:35%And:15%sand
 12.061  12.061  12.061  0.4390  0.0100  0.0010  1.1804  0.0314
      7      1      0          HighlyProductiveAquiferThrough
 62.500  62.500  62.500  0.3000  0.2000  0.0010  6.0000  0.0010
:VS06 cell sizes                                                                
    0.1    0.1    0.1    0.1    0.1    0.1    0.1    0.1    0.1    0.1
    0.2    0.2    0.2    0.2    0.2    0.2    0.2    0.2    0.2    0.2
    1.0    1.0    1.0    1.0    1.0    1.0    1.0    1.0    1.0    1.0
    2.0    2.0    2.0    2.0    2.0
:VS08 no. of categories for layer definitions                                   
      3      0
:VS08a category; no. of layers; soil/lith type; depth                           
      1      3
             3      2      1
        20.400 0.4000 0.3000
      2      2
             5      4
        20.300 0.3000
      3      2
             7      6
        21.200 1.2000
:VS08c  soil and aquifer distribution grid                                      
    152 00000000000000000000000000000000000000000000000000000000000000000000000000000000000000000000000000000000000000000000000000
    151 03333333333333333333333333333333333333333333333333333333333333333333333333333333333333333333333333333333333333333333333330
    150 03333333333333333333333333333333333333333333333333333333333333333333333333333333333333333333333333333333333333333333333330
    149 03333333333333333333333333333333333333333333333333333333333333333333333333333333333333333333333333333333333333333333333330
    148 03333333333333333333333333333333333333333333333333333333333333333333333333333333333333333333333333333333333333333333333330
    147 03333333333333333333333333333333333333333333333333333333333333333333333333333333333333333333333333333333333333333333333330
    146 03333333333333333333333333333333333333333333333333333333333333333333333333333333333333333333333333333333333333333333333330
    145 03333333333333333333333333333333333333333333333333333333333333333333333333333333333333333333333333333333333333333333333330
    144 03333333333333333333333333333333333333333333333333333333333333333333333333333333333333333333333333333333333333333333333330
    143 03333333333333333333333333333333333333333333333333333333333333333333333333333333333333333333333333333333333333333333333330
    142 03333333333333333333333333333333333333333333333333333333333333333333333333333333333333333333333333333333333333333333333330
    141 03333333333333333333333333333333333333333333333333333333333333333333333333333333333333333333333333333333333333333333333330
    140 03333333333333333333333333333333333333333333333333333333333333333333333333333333333333333333333333333333333333333333333330
    139 03333333333333333333333333333333333333333333333333333333333333333333333333333333333333333333333333333333333333333333333330
    138 03333333333333333333333333333333333333333333333333333333333333333333333333333333333333333333333333333333333333333333333330
    137 03333333333333333333333333333333333333333333333333333333333333333333333333333333333333333333333333333333333333333333333330
    136 03333333333333333333333333333333333333333333333333333333333333333333333333333333333333333333333333333333333333333333333330
    135 03333333333333333333333333333333333333333333333333333333333333333333333333333333333333333333333333333333333333333333333330
    134 03333333333333333333333333333333333333333333333333333333333333333333333333333333333333333333333333333333333333333333333330
    133 03333333333333333333333333333333333333333333333333333333333333333333333333333333333333333333333333333333333333333333333330
    132 03333333333333333333333333333333333333333333333333333333333333333333333333333333333333333333333333333333333333333333333330
    131 03333333333333333333333333333333333333333333333333333333333333333333333333333333333333333333333333333333333333333333333330
    130 03333333333333333333333333333333333333333333333333333333333333333333333333333333333333333333333333333333333333333333333330
    129 03333333333333333333333333333333333333333333333333333333333333333333333333333333333333333333333333333333333333333333333330
    128 03333333333333333333333333333333333333333333333333333333333333333333333333333333333333333333333333333333333333333333333330
    127 03333333333333333333333333333333333333333333333333333333333333333333333333333333333333333333333333333333333333333333333330
    126 03333333333333333333333333333333333333333333333333333333333333333333333333333333333333333333333333333333333333333333333330
    125 03333333333333333333333333333333333333333333333333333333333333333333333333333333333333333333333333333333333333333333333330
    124 03333333333333333333333333333333333333333333333333333333333333333333333333333333333333333333333333333333333333333333333330
    123 03333333333333333333333333333333333333333333333333333333333333333333333333333333333333333333333333333333333333333333333330
    122 03333333333333333333333333333333333333333333333333333333333333333333333333333333333333333333333333333333333333333333333330
    121 03333333333333333333333333333333333333333333333333333333333333333333333333333333333333333333333333333333333333333333333330
    120 03333333333333333333333333333333333333333333333333333333333333333333333333333333333333333333333333333333333333333333333330
    119 03333333333333333333333333333333333333333333333333333333333333333333333333333333333333333333333333333333333333333333333330
    118 03333333333333333333333333333333333333333333333333333333333333333333333333333333333333333333333333333333333333333333333330
    117 03333333333333333333333333333333333333333333333333333333333333333333333333333333333333333333333333333333333333333333333330
    116 03333333333333333333333333333333333333333333333333333333333333333333333333333333333333333333333333333333333333333333333330
    115 03333333333333333333333333333333333333333333333333333333333333333333333333333333333333333333333333333333333333333333333330
    114 03333333333333333333333333333333333333333333333333333333333333333333333333333333333333333333333333333333333333333333333330
    113 03333333333333333333333333333333333333333333333333333333333333333333333333333333333333333333333333333333333333333333333330
    112 03333333333333333333333333333333333333333333333333333333333333333333333333333333333333333333333333333333333333333333333330
    111 03333333333333333333333333333333333333333333333333333333333333333333333222222222222222222222222222222222222222222222222220
    110 03333333333333333333333333333333333333333333333333333333333333333333333222222222222222222222222222222222222222222222222220
    109 03333333333333333333333333333333333333333333333333333333333333333333333222222222222222222222222222222222222222222222222220
    108 03333333333333333333333333333333333333333333333333333333333333333333333222222222222222222222222222222222222222222222222220
    107 03333333333333333333333333333333333333333333333333333333333333333333333222222222222222222222222222222222222222222222222220
    106 03333333333333333333333333333333333333333333333333333333333333333333333222222222222222222222222222222222222222222222222220
    105 03333333333333333333333333333333333333333333333333333333333333333333333222222222222222222222222222222222222222222222222220
    104 03333333333333333333333333333333333333333333333333333333333333333333333222222222222222222222222222222222222222222222222220
    103 03333333333333333333333333333333333333333333333333333333333333333333333222222222222222222222222222222222222222222222222220
    102 03333333333333333333333333333333333333333333333333333333333333333333333222222222222222222222222222222222222222222222222220
    101 03333333333333333333333333333333333333333333333333333333333333333333333222222222222222222222222222222222222222222222222220
    100 03333333333333333333333333333333333333333333333333333333333333333333333222222222222222222222222222222222222222222222222220
     99 03333333333333333333333333333333333333333333333333333333333333333333333222222222222222222222222222222222222222222222222220
     98 03333333333333333333333333333333333333333333333333333333333333333333333222222222222222222222222222222222222222222222222220
     97 03333333333333333333333333333333333333333333333333333333333333333333333222222222222222222222222222222222222222222222222220
     96 03333333333333333333333333333333333333333333333333333333333333333333333222222222222222222222222222222222222222222222222220
     95 03333333333333333333333333333333333333333333333333333333333333333333333222222222222222222222222222222222222222222222222220
     94 03333333333333333333333333333333333333333333333333333333333333333333333222222222222222222222222222222222222222222222222220
     93 03333333333333333333333333333333333333333333333333333333333333333333333222222222222222222222222222222222222222222222222220
     92 03333333333333333333333333333333333333333333333333333333333333333333333222222222222222222222222222222222222222222222222220
     91 03333333333333333333333333333333333333333333333333333333333333333333333222222222222222222222222222222222222222222222222220
     90 03333333333333333333333333333333333333333333333333333333333333333333333222222222222222222222222222222222222222222222222220
     89 03333333333333333333333333333333333333333333333333333333333333333333333222222222222222222222222222222222222222222222222220
     88 03333333333333333333333333333333333333333333333333333333333333333333333222222222222222222222222222222222222222222222222220
     87 03333333333333333333333333333333333333333333333333333333333333333333333222222222222222222222222222222222222222222222222220
     86 03333333333333333333333333333333333333333333333333333333333333333333333222222222222222222222222222222222222222222222222220
     85 03333333333333333333333333333333333333333333333333333333333333333333333222222222222222222222222222222222222222222222222220
     84 03333333333333333333333333333333333333333333333333333333333333333333333222222222222222222222222222222222222222222222222220
     83 03333333333333333333333333333333333333333333333333333333333333333333333222222222222222222222222222222222222222222222222220
     82 03333333333333333333333333333333333333333333333333333333333333333333333222222222222222222222222222222222222222222222222220
     81 03333333333333333333333333333333333333333333333333333333333333333333333222222222222222222222222222222222222222222222222220
     80 03333333333333333333333333333333333333333333333333333333333333333333333222222222222222222222222222222222222222222222222220
     79 03333333333333333333333333333333333333333333333333333333333333333333333222222222222222222222222222222222222222222222222220
     78 03333333333333333333333333333333333333333333333333333333333333333333333222222222222222222222222222222222222222222222222220
     77 03333333333333333333333333333333333333333333333333333333333333333333333222222222222222222222222222222222222222222222222220
     76 03333333333333333333333333333333333333333333333333333333333333333333333222222222222222222222222222222222222222222222222220
     75 03333333333333333333333333333333333333333333333333333333333333333333333222222222222222222222222222222222222222222222222220
     74 03333333333333333333333333333333333333333333333333333333333333333333333222222222222222222222222222222222222222222222222220
     73 03333333333333333333333333333333333333333333333333333333333333333333333222222222222222222222222222222222222222222222222220
     72 03333333333333333333333333333333333333333333333333333333333333333333333222222222222222222222222222222222222222222222222220
     71 03333333333222222222222222222222222222222222222222222222222222222222222222222222222222222222222222222222222222222222222220
     70 03333333333222222222222222222222222222222222222222222222222222222222222222222222222222222222222222222222222222222222222220
     69 03333333333222222222222222222222222222222222222222222222222222222222222222222222222222222222222222222222222222222222222220
     68 03333333333222222222222222222222222222222222222222222222222222222222222222222222222222222222222222222222222222222222222220
     67 03333333333222222222222222222222222222222222222222222222222222222222222222222222222222222222222222222222222222222222222220
     66 03333333333222222222222222222222222222222222222222222222222222222222222222222222222222222222222222222222222222222222222220
     65 03333333333222222222222222222222222222222222222222222222222222222222222222222222222222222222222222222222222222222222222220
     64 03333333333222222222222222222222222222222222222222222222222222222222222222222222222222222222222222222222222222222222222220
     63 03333333333222222222222222222222222222222222222222222222222222222222222222222222222222222222222222222222222222222222222220
     62 03333333333222222222222222222222222222222222222222222222222222222222222222222222222222222222222222222222222222222222222220
     61 03333333333222222222222222222222222222222222222222222222222222222222222222222222222222222222222222222222222222222222222220
     60 03333333333222222222222222222222222222222222222222222222222222222222222222222222222222222222222222222222222222222222222220
     59 03333333333222222222222222222222222222222222222222222222222222222222222222222222222222222222222222222222222222222222222220
     58 03333333333222222222222222222222222222222222222222222222222222222222222222222222222222222222222222222222222222222222222220
     57 03333333333222222222222222222222222222222222222222222222222222222222222222222222222222222222222222222222222222222222222220
     56 03333333333222222222222222222222222222222222222222222222222222222222222222222222222222222222222222222222222222222222222220
     55 03333333333222222222222222222222222222222222222222222222222222222222222222222222222222222222222222222222222222222222222220
     54 03333333333222222222222222222222222222222222222222222222222222222222222222222222222222222222222222222222222222222222222220
     53 03333333333222222222222222222222222222222222222222222222222222222222222222222222222222222222222222222222222222222222222220
     52 03333333333222222222222222222222222222222222222222222222222222222222222222222222222222222222222222222222222222222222222220
     51 02222222222222222222222222222222222222222222222222222222222222222222222222222222222222222222222222222222222222222222222220
     50 02222222222222222222222222222222222222222222222222222222222222222222222222222222222222222222222222222222222222222222222220
     49 02222222222222222222222222222222222222222222222222222222222222222222222222222222222222222222222222222222222222222222222220
     48 02222222222222222222222222222222222222222222222222222222222222222222222222222222222222222222222222222222222222222222222220
     47 02222222222222222222222222222222222222222222222222222222222222222222222222222222222222222222222222222222222222222222222220
     46 02222222222222222222222222222222222222222222222222222222222222222222222222222222222222222222222222222222222222222222222220
     45 02222222222222222222222222222222222222222222222222222222222222222222222222222222222222222222222222222222222222222222222220
     44 02222222222222222222222222222222222222222222222222222222222222222222222222222222222222222222222222222222222222222222222220
     43 02222222222222222222222222222222222222222222222222222222222222222222222222222222222222222222222222222222222222222222222220
     42 02222222222222222222222222222222222222222222222222222222222222222222222222222222222222222222222222222222222222222222222220
     41 02222222222222222222222222222222222222222222222222222222222222222222222222222222222222222222222222222222222222222222222220
     40 02222222222222222222222222222222222222222222222222222222222222222222222222222222222222222222222222222222222222222222222220
     39 02222222222222222222222222222222222222222222222222222222222222222222222222222222222222222222222222222222222222222222222220
     38 02222222222222222222222222222222222222222222222222222222222222222222222222222222222222222222222222222222222222222222222220
     37 02222222222222222222222222222222222222222222222222222222222222222222222222222222222222222222222222222222222222222222222220
     36 02222222222222222222222222222222222222222222222222222222222222222222222222222222222222222222222222222222222222222222222220
     35 02222222222222222222222222222222222222222222222222222222222222222222222222222222222222222222222222222222222222222222222220
     34 02222222222222222222222222222222222222222222222222222222222222222222222222222222222222222222222222222222222222222222222220
     33 02222222222222222222222222222222222222222222222222222222222222222222222222222222222222222222222222222222222222222222222220
     32 02222222222222222222222222222222222222222222222222222222222222222222222222222222222222222222222222222222222222222222222220
     31 02222222222222222222222222222222222222222222222222222222222222222222222222222222222222222222222222222222222222222222222220
     30 02222222222222222222222222222222222222222222222222222222222222222222222222222222222222222222222222222222222222222222222220
     29 02222222222222222222222222222222222222222222222222222222222222222222222222222222222222222222222222222222222222222222222220
     28 02222222222222222222222222222222222222222222222222222222222222222222222222222222222222222222222222222222222222222222222220
     27 02222222222222222222222222222222222222222222222222222222222222222222222222222222222222222222222222222222222222222222222220
     26 02222222222222222222222222222222222222222222222222222222222222222222222222222222222222222222222222222222222222222222222220
     25 02222222222222222222222222222222222222222222222222222222222222222222222222222222222222222222222222222222222222222222222220
     24 02222222222222222222222222222222222222222222222222222222222222222222222222222222222222222222222222222222222222222222222220
     23 02222222222222222222222222222222222222222222222222222222222222222222222222222222222222222222222222222222222222222222222220
     22 02222222222222222222222222222222222222222222222222222222222222222222222222222222222222222222222222222222222222222222222220
     21 02222222222222222222222222222222222222222222222222222222222222222222222222222222222222222222222222222222222222211111111110
     20 02222222222222222222222222222222222222222222222222222222222222222222222222222222222222222222222222222222222222211111111110
     19 02222222222222222222222222222222222222222222222222222222222222222222222222222222222222222222222222222222222222211111111110
     18 02222222222222222222222222222222222222222222222222222222222222222222222222222222222222222222222222222222222222211111111110
     17 02222222222222222222222222222222222222222222222222222222222222222222222222222222222222222222222222222222222222211111111110
     16 02222222222222222222222222222222222222222222222222222222222222222222222222222222222222222222222222222222222222211111111110
     15 02222222222222222222222222222222222222222222222222222222222222222222222222222222222222222222222222222222222222211111111110
     14 02222222222222222222222222222222222222222222222222222222222222222222222222222222222222222222222222222222222222211111111110
     13 02222222222222222222222222222222222222222222222222222222222222222222222222222222222222222222222222222222222222211111111110
     12 02222222222222222222222222222222222222222222222222222222222222222222222222222222222222222222222222222222222222211111111110
     11 02222222222222222222222222222222222222222222222222222222222222222222222222222222222222222222222222222111111111111111111110
     10 02222222222222222222222222222222222222222222222222222222222222222222222222222222222222222222222222222111111111111111111110
      9 02222222222222222222222222222222222222222222222222222222222222222222222222222222222222222222222222222111111111111111111110
      8 02222222222222222222222222222222222222222222222222222222222222222222222222222222222222222222222222222111111111111111111110
      7 02222222222222222222222222222222222222222222222222222222222222222222222222222222222222222222222222222111111111111111111110
      6 02222222222222222222222222222222222222222222222222222222222222222222222222222222222222222222222222222111111111111111111110
      5 02222222222222222222222222222222222222222222222222222222222222222222222222222222222222222222222222222111111111111111111110
      4 02222222222222222222222222222222222222222222222222222222222222222222222222222222222222222222222222222111111111111111111110
      3 02222222222222222222222222222222222222222222222222222222222222222222222222222222222222222222222222222111111111111111111110
      2 02222222222222222222222222222222222222222222222222222222222222222222222222222222222222222222222222222111111111111111111110
      1 00000000000000000000000000000000000000000000000000000000000000000000000000000000000000000000000000000000000000000000000000
:VS10 user defined connectivities                                               
      0
:VS11 no. of categories for boundary conditions                                 
      0      0      0      0      0      0      0      0
