:OC1 - TEST CATCHMENT- OC COMPONENT DATA SET: NT, NCATR, KONT, BIOWAT           
      1      7      1      F
:OC2 - TIMESTEP CONTROL (currently not used)                                    
 1.0000 99999.
:OC3 - OTHER PARAMETERS. SMIN,CDRS,TDC,TFC,DET. (SMIN & DET not used)           
 100.00    0.0    0.0 99999.    0.0
 1.5000 2.0000 1.0000 0.5000 0.5000 1.0000 5.0000
:OC14 STRX                                                                      
    152 00000000000000000000000000000000000000000000000000000000000000000000000000000000000000000000000000000000000000000000000000
    151 01111111111111111111111111111111111111111111111111111111111111111111111111111111111111111111111111111111111111111111111110
    150 01111111111111111111111111111111111111111111111111111111111111111111111111111111111111111111111111111111111111111111111110
    149 01111111111111111111111111111111111111111111111111111111111111111111111111111111111111111111111111111111111111111111111110
    148 01111111111111111111111111111111111111111111111111111111111111111111111111111111111111111111111111111111111111111111111110
    147 01111111111111111111111111111111111111111111111111111111111111111111111111111111111111111111111111111111111111111111111110
    146 01111111111111111111111111111111111111111111111111111111111111111111111111111111111111111111111111111111111111111111111110
    145 01111111111111111111111111111111111111111111111111111111111111111111111111111111111111111111111111111111111111111111111110
    144 01111111111111111111111111111111111111111111111111111111111111111111111111111111111111111111111111111111111111111111111110
    143 01111111111111111111111111111111111111111111111111111111111111111111111111111111111111111111111111111111111111111111111110
    142 01111111111111111111111111111111111111111111111111111111111111111111111111111111111111111111111111111111111111111111111110
    141 01111111111111111111111111111111111111111111111111111111111111111111111111111111111111111111111111111111111111111111111110
    140 01111111111111111111111111111111111111111111111111111111111111111111111111111111111111111111111111111111111111111111111110
    139 01111111111111111111111111111111111111111111111111111111111111111111111111111111111111111111111111111111111111111111111110
    138 01111111111111111111111111111111111111111111111111111111111111111111111111111111111111111111111111111111111111111111111110
    137 01111111111111111111111111111111111111111111111111111111111111111111111111111111111111111111111111111111111111111111111110
    136 01111111111111111111111111111111111111111111111111111111111111111111111111111111111111111111111111111111111111111111111110
    135 01111111111111111111111111111111111111111111111111111111111111111111111111111111111111111111111111111111111111111111111110
    134 01111111111111111111111111111111111111111111111111111111111111111111111111111111111111111111111111111111111111111111111110
    133 01111111111111111111111111111111111111111111111111111111111111111111111111111111111111111111111111111111111111111111111110
    132 01111111111111111111111111111111111111111111111111111111111111111111111111111111111111111111111111111111111111111111111110
    131 01111111111111111111111111111111111111111111111111111111111111111111111111111111111111111111111111111111111111111111111110
    130 01111111111111111111111111111111111111111111111111111111111111111111111111111111111111111111111111111111111111111111111110
    129 01111111111111111111111111111111111111111111111111111111111111111111111111111111111111111111111111111111111111111111111110
    128 01111111111111111111111111111111111111111111111111111111111111111111111111111111111111111111111111111111111111111111111110
    127 01111111111111111111111111111111111111111111111111111111111111111111111111111111111111111111111111111111111111111111111110
    126 01111111111111111111111111111111111111111111111111111111111111111111111111111111111111111111111111111111111111111111111110
    125 01111111111111111111111111111111111111111111111111111111111111111111111111111111111111111111111111111111111111111111111110
    124 01111111111111111111111111111111111111111111111111111111111111111111111111111111111111111111111111111111111111111111111110
    123 01111111111111111111111111111111111111111111111111111111111111111111111111111111111111111111111111111111111111111111111110
    122 01111111111111111111111111111111111111111111111111111111111111111111111111111111111111111111111111111111111111111111111110
    121 01111111111111111111111111111111111111111111111111111111111111111111111111111111111111111111111111111111111111111111111110
    120 01111111111111111111111111111111111111111111111111111111111111111111111111111111111111111111111111111111111111111111111110
    119 01111111111111111111111111111111111111111111111111111111111111111111111111111111111111111111111111111111111111111111111110
    118 01111111111111111111111111111111111111111111111111111111111111111111111111111111111111111111111111111111111111111111111110
    117 01111111111111111111111111111111111111111111111111111111111111111111111111111111111111111111111111111111111111111111111110
    116 01111111111111111111111111111111111111111111111111111111111111111111111111111111111111111111111111111111111111111111111110
    115 01111111111111111111111111111111111111111111111111111111111111111111111111111111111111111111111111111111111111111111111110
    114 01111111111111111111111111111111111111111111111111111111111111111111111111111111111111111111111111111111111111111111111110
    113 01111111111111111111111111111111111111111111111111111111111111111111111111111111111111111111111111111111111111111111111110
    112 01111111111111111111111111111111111111111111111111111111111111111111111111111111111111111111111111111111111111111111111110
    111 01111111111111111111111111111111111111111111111111111111111111111111111111111111111111111111111111111111111111111111111110
    110 01111111111111111111111111111111111111111111111111111111111111111111111111111111111111111111111111111111111111111111111110
    109 01111111111111111111111111111111111111111111111111111111111111111111111111111111111111111111111111111111111111111111111110
    108 01111111111111111111111111111111111111111111111111111111111111111111111111111111111111111111111111111111111111111111111110
    107 01111111111111111111111111111111111111111111111111111111111111111111111111111111111111111111111111111111111111111111111110
    106 01111111111111111111111111111111111111111111111111111111111111111111111111111111111111111111111111111111111111111111111110
    105 01111111111111111111111111111111111111111111111111111111111111111111111111111111111111111111111111111111111111111111111110
    104 01111111111111111111111111111111111111111111111111111111111111111111111111111111111111111111111111111111111111111111111110
    103 01111111111111111111111111111111111111111111111111111111111111111111111111111111111111111111111111111111111111111111111110
    102 01111111111111111111111111111111111111111111111111111111111111111111111111111111111111111111111111111111111111111111111110
    101 01111111111111111111111111111111111111111111111111111111111111111111111111111111111111111111111111111111111111111111111110
    100 01111111111111111111111111111111111111111111111111111111111111111111111111111111111111111111111111111111111111111111111110
     99 01111111111111111111111111111111111111111111111111111111111111111111111111111111111111111111111111111111111111111111111110
     98 01111111111111111111111111111111111111111111111111111111111111111111111111111111111111111111111111111111111111111111111110
     97 01111111111111111111111111111111111111111111111111111111111111111111111111111111111111111111111111111111111111111111111110
     96 01111111111111111111111111111111111111111111111111111111111111111111111111111111111111111111111111111111111111111111111110
     95 01111111111111111111111111111111111111111111111111111111111111111111111111111111111111111111111111111111111111111111111110
     94 01111111111111111111111111111111111111111111111111111111111111111111111111111111111111111111111111111111111111111111111110
     93 01111111111111111111111111111111111111111111111111111111111111111111111111111111111111111111111111111111111111111111111110
     92 01111111111111111111111111111111111111111111111111111111111111111111111111111111111111111111111111111111111111111111111110
     91 01111111111111111111111111111111111111111111111111111111111111111111111111111111111111111111111111111111111111111111111110
     90 01111111111111111111111111111111111111111111111111111111111111111111111111111111111111111111111111111111111111111111111110
     89 01111111111111111111111111111111111111111111111111111111111111111111111111111111111111111111111111111111111111111111111110
     88 01111111111111111111111111111111111111111111111111111111111111111111111111111111111111111111111111111111111111111111111110
     87 01111111111111111111111111111111111111111111111111111111111111111111111111111111111111111111111111111111111111111111111110
     86 01111111111111111111111111111111111111111111111111111111111111111111111111111111111111111111111111111111111111111111111110
     85 01111111111111111111111111111111111111111111111111111111111111111111111111111111111111111111111111111111111111111111111110
     84 01111111111111111111111111111111111111111111111111111111111111111111111111111111111111111111111111111111111111111111111110
     83 01111111111111111111111111111111111111111111111111111111111111111111111111111111111111111111111111111111111111111111111110
     82 01111111111111111111111111111111111111111111111111111111111111111111111111111111111111111111111111111111111111111111111110
     81 01111111111111111111111111111111111111111111111111111111111111111111111111111111111111111111111111111111111111111111111110
     80 01111111111111111111111111111111111111111111111111111111111111111111111111111111111111111111111111111111111111111111111110
     79 01111111111111111111111111111111111111111111111111111111111111111111111111111111111111111111111111111111111111111111111110
     78 01111111111111111111111111111111111111111111111111111111111111111111111111111111111111111111111111111111111111111111111110
     77 01111111111111111111111111111111111111111111111111111111111111111111111111111111111111111111111111111111111111111111111110
     76 01111111111111111111111111111111111111111111111111111111111111111111111111111111111111111111111111111111111111111111111110
     75 01111111111111111111111111111111111111111111111111111111111111111111111111111111111111111111111111111111111111111111111110
     74 01111111111111111111111111111111111111111111111111111111111111111111111111111111111111111111111111111111111111111111111110
     73 01111111111111111111111111111111111111111111111111111111111111111111111111111111111111111111111111111111111111111111111110
     72 01111111111111111111111111111111111111111111111111111111111111111111111111111111111111111111111111111111111111111111111110
     71 01111111111111111111111111111111111111111111111111111111111111111111111111111111111111111111111111111111111111111111111110
     70 01111111111111111111111111111111111111111111111111111111111111111111111111111111111111111111111111111111111111111111111110
     69 01111111111111111111111111111111111111111111111111111111111111111111111111111111111111111111111111111111111111111111111110
     68 01111111111111111111111111111111111111111111111111111111111111111111111111111111111111111111111111111111111111111111111110
     67 01111111111111111111111111111111111111111111111111111111111111111111111111111111111111111111111111111111111111111111111110
     66 01111111111111111111111111111111111111111111111111111111111111111111111111111111111111111111111111111111111111111111111110
     65 01111111111111111111111111111111111111111111111111111111111111111111111111111111111111111111111111111111111111111111111110
     64 01111111111111111111111111111111111111111111111111111111111111111111111111111111111111111111111111111111111111111111111110
     63 01111111111111111111111111111111111111111111111111111111111111111111111111111111111111111111111111111111111111111111111110
     62 01111111111111111111111111111111111111111111111111111111111111111111111111111111111111111111111111111111111111111111111110
     61 01111111111111111111111111111111111111111111111111111111111111111111111111111111111111111111111111111111111111111111111110
     60 01111111111111111111111111111111111111111111111111111111111111111111111111111111111111111111111111111111111111111111111110
     59 01111111111111111111111111111111111111111111111111111111111111111111111111111111111111111111111111111111111111111111111110
     58 01111111111111111111111111111111111111111111111111111111111111111111111111111111111111111111111111111111111111111111111110
     57 01111111111111111111111111111111111111111111111111111111111111111111111111111111111111111111111111111111111111111111111110
     56 01111111111111111111111111111111111111111111111111111111111111111111111111111111111111111111111111111111111111111111111110
     55 01111111111111111111111111111111111111111111111111111111111111111111111111111111111111111111111111111111111111111111111110
     54 01111111111111111111111111111111111111111111111111111111111111111111111111111111111111111111111111111111111111111111111110
     53 01111111111111111111111111111111111111111111111111111111111111111111111111111111111111111111111111111111111111111111111110
     52 01111111111111111111111111111111111111111111111111111111111111111111111111111111111111111111111111111111111111111111111110
     51 01111111111111111111111111111111111111111111111111111111111111111111111111111111111111111111111111111111111111111111111110
     50 01111111111111111111111111111111111111111111111111111111111111111111111111111111111111111111111111111111111111111111111110
     49 01111111111111111111111111111111111111111111111111111111111111111111111111111111111111111111111111111111111111111111111110
     48 01111111111111111111111111111111111111111111111111111111111111111111111111111111111111111111111111111111111111111111111110
     47 01111111111111111111111111111111111111111111111111111111111111111111111111111111111111111111111111111111111111111111111110
     46 01111111111111111111111111111111111111111111111111111111111111111111111111111111111111111111111111111111111111111111111110
     45 01111111111111111111111111111111111111111111111111111111111111111111111111111111111111111111111111111111111111111111111110
     44 01111111111111111111111111111111111111111111111111111111111111111111111111111111111111111111111111111111111111111111111110
     43 01111111111111111111111111111111111111111111111111111111111111111111111111111111111111111111111111111111111111111111111110
     42 01111111111111111111111111111111111111111111111111111111111111111111111111111111111111111111111111111111111111111111111110
     41 01111111111111111111111111111111111111111777777777711111111111111111111111111111111111111111111111111111111111111111111110
     40 01111111111111111111111111111111111111111777777777711111111111111111111111111111111111111111111111111111111111111111111110
     39 01111111111111111111111111111111111111111777777777711111111111111111111111111111111111111111111111111111111111111111111110
     38 01111111111111111111111111111111111111111777777777711111111111111111111111111111111111111111111111111111111111111111111110
     37 01111111111111111111111111111111111111111777777777711111111111111111111111111111111111111111111111111111111111111111111110
     36 01111111111111111111111111111111111111111777777777711111111111111111111111111111111111111111111111111111111111111111111110
     35 01111111111111111111111111111111111111111777777777711111111111111111111111111111111111111111111111111111111111111111111110
     34 01111111111111111111111111111111111111111777777777711111111111111111111111111111111111111111111111111111111111111111111110
     33 01111111111111111111111111111111111111111777777777711111111111111111111111111111111111111111111111111111111111111111111110
     32 01111111111111111111111111111111111111111777777777711111111111111111111111111111111111111111111111111111111111111111111110
     31 01111111111111111111111111111111111111111777777777711111111111111111111111111111111111111111111111111111111111111111111110
     30 01111111111111111111111111111111111111111777777777711111111111111111111111111111111111111111111111111111111111111111111110
     29 01111111111111111111111111111111111111111777777777711111111111111111111111111111111111111111111111111111111111111111111110
     28 01111111111111111111111111111111111111111777777777711111111111111111111111111111111111111111111111111111111111111111111110
     27 01111111111111111111111111111111111111111777777777711111111111111111111111111111111111111111111111111111111111111111111110
     26 01111111111111111111111111111111111111111777777777711111111111111111111111111111111111111111111111111111111111111111111110
     25 01111111111111111111111111111111111111111777777777711111111111111111111111111111111111111111111111111111111111111111111110
     24 01111111111111111111111111111111111111111777777777711111111111111111111111111111111111111111111111111111111111111111111110
     23 01111111111111111111111111111111111111111777777777711111111111111111111111111111111111111111111111111111111111111111111110
     22 01111111111111111111111111111111111111111777777777711111111111111111111111111111111111111111111111111111111111111111111110
     21 01111111111333333333333333333331111111111111111111111111111111111111111111111111111111111111111111111111111111111111111110
     20 01111111111333333333333333333331111111111111111111111111111111111111111111111111111111111111111111111111111111111111111110
     19 01111111111333333333333333333331111111111111111111111111111111111111111111111111111111111111111111111111111111111111111110
     18 01111111111333333333333333333331111111111111111111111111111111111111111111111111111111111111111111111111111111111111111110
     17 01111111111333333333333333333331111111111111111111111111111111111111111111111111111111111111111111111111111111111111111110
     16 01111111111333333333333333333331111111111111111111111111111111111111111111111111111111111111111111111111111111111111111110
     15 01111111111333333333333333333331111111111111111111111111111111111111111111111111111111111111111111111111111111111111111110
     14 01111111111333333333333333333331111111111111111111111111111111111111111111111111111111111111111111111111111111111111111110
     13 01111111111333333333333333333331111111111111111111111111111111111111111111111111111111111111111111111111111111111111111110
     12 01111111111333333333333333333331111111111111111111111111111111111111111111111111111111111111111111111111111111111111111110
     11 01111111111333333333311111111111111111111111111111111111111111111111111111111111111111111111111111111111111111111111111110
     10 01111111111333333333311111111111111111111111111111111111111111111111111111111111111111111111111111111111111111111111111110
      9 01111111111333333333311111111111111111111111111111111111111111111111111111111111111111111111111111111111111111111111111110
      8 01111111111333333333311111111111111111111111111111111111111111111111111111111111111111111111111111111111111111111111111110
      7 01111111111333333333311111111111111111111111111111111111111111111111111111111111111111111111111111111111111111111111111110
      6 01111111111333333333311111111111111111111111111111111111111111111111111111111111111111111111111111111111111111111111111110
      5 01111111111333333333311111111111111111111111111111111111111111111111111111111111111111111111111111111111111111111111111110
      4 01111111111333333333311111111111111111111111111111111111111111111111111111111111111111111111111111111111111111111111111110
      3 01111111111333333333311111111111111111111111111111111111111111111111111111111111111111111111111111111111111111111111111110
      2 01111111111333333333311111111111111111111111111111111111111111111111111111111111111111111111111111111111111111111111111110
      1 00000000000000000000000000000000000000000000000000000000000000000000000000000000000000000000000000000000000000000000000000
:OC17 STRY                                                                      
    152 00000000000000000000000000000000000000000000000000000000000000000000000000000000000000000000000000000000000000000000000000
    151 01111111111111111111111111111111111111111111111111111111111111111111111111111111111111111111111111111111111111111111111110
    150 01111111111111111111111111111111111111111111111111111111111111111111111111111111111111111111111111111111111111111111111110
    149 01111111111111111111111111111111111111111111111111111111111111111111111111111111111111111111111111111111111111111111111110
    148 01111111111111111111111111111111111111111111111111111111111111111111111111111111111111111111111111111111111111111111111110
    147 01111111111111111111111111111111111111111111111111111111111111111111111111111111111111111111111111111111111111111111111110
    146 01111111111111111111111111111111111111111111111111111111111111111111111111111111111111111111111111111111111111111111111110
    145 01111111111111111111111111111111111111111111111111111111111111111111111111111111111111111111111111111111111111111111111110
    144 01111111111111111111111111111111111111111111111111111111111111111111111111111111111111111111111111111111111111111111111110
    143 01111111111111111111111111111111111111111111111111111111111111111111111111111111111111111111111111111111111111111111111110
    142 01111111111111111111111111111111111111111111111111111111111111111111111111111111111111111111111111111111111111111111111110
    141 01111111111111111111111111111111111111111111111111111111111111111111111111111111111111111111111111111111111111111111111110
    140 01111111111111111111111111111111111111111111111111111111111111111111111111111111111111111111111111111111111111111111111110
    139 01111111111111111111111111111111111111111111111111111111111111111111111111111111111111111111111111111111111111111111111110
    138 01111111111111111111111111111111111111111111111111111111111111111111111111111111111111111111111111111111111111111111111110
    137 01111111111111111111111111111111111111111111111111111111111111111111111111111111111111111111111111111111111111111111111110
    136 01111111111111111111111111111111111111111111111111111111111111111111111111111111111111111111111111111111111111111111111110
    135 01111111111111111111111111111111111111111111111111111111111111111111111111111111111111111111111111111111111111111111111110
    134 01111111111111111111111111111111111111111111111111111111111111111111111111111111111111111111111111111111111111111111111110
    133 01111111111111111111111111111111111111111111111111111111111111111111111111111111111111111111111111111111111111111111111110
    132 01111111111111111111111111111111111111111111111111111111111111111111111111111111111111111111111111111111111111111111111110
    131 01111111111111111111111111111111111111111111111111111111111111111111111111111111111111111111111111111111111111111111111110
    130 01111111111111111111111111111111111111111111111111111111111111111111111111111111111111111111111111111111111111111111111110
    129 01111111111111111111111111111111111111111111111111111111111111111111111111111111111111111111111111111111111111111111111110
    128 01111111111111111111111111111111111111111111111111111111111111111111111111111111111111111111111111111111111111111111111110
    127 01111111111111111111111111111111111111111111111111111111111111111111111111111111111111111111111111111111111111111111111110
    126 01111111111111111111111111111111111111111111111111111111111111111111111111111111111111111111111111111111111111111111111110
    125 01111111111111111111111111111111111111111111111111111111111111111111111111111111111111111111111111111111111111111111111110
    124 01111111111111111111111111111111111111111111111111111111111111111111111111111111111111111111111111111111111111111111111110
    123 01111111111111111111111111111111111111111111111111111111111111111111111111111111111111111111111111111111111111111111111110
    122 01111111111111111111111111111111111111111111111111111111111111111111111111111111111111111111111111111111111111111111111110
    121 01111111111111111111111111111111111111111111111111111111111111111111111111111111111111111111111111111111111111111111111110
    120 01111111111111111111111111111111111111111111111111111111111111111111111111111111111111111111111111111111111111111111111110
    119 01111111111111111111111111111111111111111111111111111111111111111111111111111111111111111111111111111111111111111111111110
    118 01111111111111111111111111111111111111111111111111111111111111111111111111111111111111111111111111111111111111111111111110
    117 01111111111111111111111111111111111111111111111111111111111111111111111111111111111111111111111111111111111111111111111110
    116 01111111111111111111111111111111111111111111111111111111111111111111111111111111111111111111111111111111111111111111111110
    115 01111111111111111111111111111111111111111111111111111111111111111111111111111111111111111111111111111111111111111111111110
    114 01111111111111111111111111111111111111111111111111111111111111111111111111111111111111111111111111111111111111111111111110
    113 01111111111111111111111111111111111111111111111111111111111111111111111111111111111111111111111111111111111111111111111110
    112 01111111111111111111111111111111111111111111111111111111111111111111111111111111111111111111111111111111111111111111111110
    111 01111111111111111111111111111111111111111111111111111111111111111111111111111111111111111111111111111111111111111111111110
    110 01111111111111111111111111111111111111111111111111111111111111111111111111111111111111111111111111111111111111111111111110
    109 01111111111111111111111111111111111111111111111111111111111111111111111111111111111111111111111111111111111111111111111110
    108 01111111111111111111111111111111111111111111111111111111111111111111111111111111111111111111111111111111111111111111111110
    107 01111111111111111111111111111111111111111111111111111111111111111111111111111111111111111111111111111111111111111111111110
    106 01111111111111111111111111111111111111111111111111111111111111111111111111111111111111111111111111111111111111111111111110
    105 01111111111111111111111111111111111111111111111111111111111111111111111111111111111111111111111111111111111111111111111110
    104 01111111111111111111111111111111111111111111111111111111111111111111111111111111111111111111111111111111111111111111111110
    103 01111111111111111111111111111111111111111111111111111111111111111111111111111111111111111111111111111111111111111111111110
    102 01111111111111111111111111111111111111111111111111111111111111111111111111111111111111111111111111111111111111111111111110
    101 01111111111111111111111111111111111111111111111111111111111111111111111111111111111111111111111111111111111111111111111110
    100 01111111111111111111111111111111111111111111111111111111111111111111111111111111111111111111111111111111111111111111111110
     99 01111111111111111111111111111111111111111111111111111111111111111111111111111111111111111111111111111111111111111111111110
     98 01111111111111111111111111111111111111111111111111111111111111111111111111111111111111111111111111111111111111111111111110
     97 01111111111111111111111111111111111111111111111111111111111111111111111111111111111111111111111111111111111111111111111110
     96 01111111111111111111111111111111111111111111111111111111111111111111111111111111111111111111111111111111111111111111111110
     95 01111111111111111111111111111111111111111111111111111111111111111111111111111111111111111111111111111111111111111111111110
     94 01111111111111111111111111111111111111111111111111111111111111111111111111111111111111111111111111111111111111111111111110
     93 01111111111111111111111111111111111111111111111111111111111111111111111111111111111111111111111111111111111111111111111110
     92 01111111111111111111111111111111111111111111111111111111111111111111111111111111111111111111111111111111111111111111111110
     91 01111111111111111111111111111111111111111111111111111111111111111111111111111111111111111111111111111111111111111111111110
     90 01111111111111111111111111111111111111111111111111111111111111111111111111111111111111111111111111111111111111111111111110
     89 01111111111111111111111111111111111111111111111111111111111111111111111111111111111111111111111111111111111111111111111110
     88 01111111111111111111111111111111111111111111111111111111111111111111111111111111111111111111111111111111111111111111111110
     87 01111111111111111111111111111111111111111111111111111111111111111111111111111111111111111111111111111111111111111111111110
     86 01111111111111111111111111111111111111111111111111111111111111111111111111111111111111111111111111111111111111111111111110
     85 01111111111111111111111111111111111111111111111111111111111111111111111111111111111111111111111111111111111111111111111110
     84 01111111111111111111111111111111111111111111111111111111111111111111111111111111111111111111111111111111111111111111111110
     83 01111111111111111111111111111111111111111111111111111111111111111111111111111111111111111111111111111111111111111111111110
     82 01111111111111111111111111111111111111111111111111111111111111111111111111111111111111111111111111111111111111111111111110
     81 01111111111111111111111111111111111111111111111111111111111111111111111111111111111111111111111111111111111111111111111110
     80 01111111111111111111111111111111111111111111111111111111111111111111111111111111111111111111111111111111111111111111111110
     79 01111111111111111111111111111111111111111111111111111111111111111111111111111111111111111111111111111111111111111111111110
     78 01111111111111111111111111111111111111111111111111111111111111111111111111111111111111111111111111111111111111111111111110
     77 01111111111111111111111111111111111111111111111111111111111111111111111111111111111111111111111111111111111111111111111110
     76 01111111111111111111111111111111111111111111111111111111111111111111111111111111111111111111111111111111111111111111111110
     75 01111111111111111111111111111111111111111111111111111111111111111111111111111111111111111111111111111111111111111111111110
     74 01111111111111111111111111111111111111111111111111111111111111111111111111111111111111111111111111111111111111111111111110
     73 01111111111111111111111111111111111111111111111111111111111111111111111111111111111111111111111111111111111111111111111110
     72 01111111111111111111111111111111111111111111111111111111111111111111111111111111111111111111111111111111111111111111111110
     71 01111111111111111111111111111111111111111111111111111111111111111111111111111111111111111111111111111111111111111111111110
     70 01111111111111111111111111111111111111111111111111111111111111111111111111111111111111111111111111111111111111111111111110
     69 01111111111111111111111111111111111111111111111111111111111111111111111111111111111111111111111111111111111111111111111110
     68 01111111111111111111111111111111111111111111111111111111111111111111111111111111111111111111111111111111111111111111111110
     67 01111111111111111111111111111111111111111111111111111111111111111111111111111111111111111111111111111111111111111111111110
     66 01111111111111111111111111111111111111111111111111111111111111111111111111111111111111111111111111111111111111111111111110
     65 01111111111111111111111111111111111111111111111111111111111111111111111111111111111111111111111111111111111111111111111110
     64 01111111111111111111111111111111111111111111111111111111111111111111111111111111111111111111111111111111111111111111111110
     63 01111111111111111111111111111111111111111111111111111111111111111111111111111111111111111111111111111111111111111111111110
     62 01111111111111111111111111111111111111111111111111111111111111111111111111111111111111111111111111111111111111111111111110
     61 01111111111111111111111111111111111111111111111111111111111111111111111111111111111111111111111111111111111111111111111110
     60 01111111111111111111111111111111111111111111111111111111111111111111111111111111111111111111111111111111111111111111111110
     59 01111111111111111111111111111111111111111111111111111111111111111111111111111111111111111111111111111111111111111111111110
     58 01111111111111111111111111111111111111111111111111111111111111111111111111111111111111111111111111111111111111111111111110
     57 01111111111111111111111111111111111111111111111111111111111111111111111111111111111111111111111111111111111111111111111110
     56 01111111111111111111111111111111111111111111111111111111111111111111111111111111111111111111111111111111111111111111111110
     55 01111111111111111111111111111111111111111111111111111111111111111111111111111111111111111111111111111111111111111111111110
     54 01111111111111111111111111111111111111111111111111111111111111111111111111111111111111111111111111111111111111111111111110
     53 01111111111111111111111111111111111111111111111111111111111111111111111111111111111111111111111111111111111111111111111110
     52 01111111111111111111111111111111111111111111111111111111111111111111111111111111111111111111111111111111111111111111111110
     51 01111111111111111111111111111111111111111111111111111111111111111111111111111111111111111111111111111111111111111111111110
     50 01111111111111111111111111111111111111111111111111111111111111111111111111111111111111111111111111111111111111111111111110
     49 01111111111111111111111111111111111111111111111111111111111111111111111111111111111111111111111111111111111111111111111110
     48 01111111111111111111111111111111111111111111111111111111111111111111111111111111111111111111111111111111111111111111111110
     47 01111111111111111111111111111111111111111111111111111111111111111111111111111111111111111111111111111111111111111111111110
     46 01111111111111111111111111111111111111111111111111111111111111111111111111111111111111111111111111111111111111111111111110
     45 01111111111111111111111111111111111111111111111111111111111111111111111111111111111111111111111111111111111111111111111110
     44 01111111111111111111111111111111111111111111111111111111111111111111111111111111111111111111111111111111111111111111111110
     43 01111111111111111111111111111111111111111111111111111111111111111111111111111111111111111111111111111111111111111111111110
     42 01111111111111111111111111111111111111111111111111111111111111111111111111111111111111111111111111111111111111111111111110
     41 01111111111111111111111111111111111111111777777777711111111111111111111111111111111111111111111111111111111111111111111110
     40 01111111111111111111111111111111111111111777777777711111111111111111111111111111111111111111111111111111111111111111111110
     39 01111111111111111111111111111111111111111777777777711111111111111111111111111111111111111111111111111111111111111111111110
     38 01111111111111111111111111111111111111111777777777711111111111111111111111111111111111111111111111111111111111111111111110
     37 01111111111111111111111111111111111111111777777777711111111111111111111111111111111111111111111111111111111111111111111110
     36 01111111111111111111111111111111111111111777777777711111111111111111111111111111111111111111111111111111111111111111111110
     35 01111111111111111111111111111111111111111777777777711111111111111111111111111111111111111111111111111111111111111111111110
     34 01111111111111111111111111111111111111111777777777711111111111111111111111111111111111111111111111111111111111111111111110
     33 01111111111111111111111111111111111111111777777777711111111111111111111111111111111111111111111111111111111111111111111110
     32 01111111111111111111111111111111111111111777777777711111111111111111111111111111111111111111111111111111111111111111111110
     31 01111111111111111111111111111111111111111777777777711111111111111111111111111111111111111111111111111111111111111111111110
     30 01111111111111111111111111111111111111111777777777711111111111111111111111111111111111111111111111111111111111111111111110
     29 01111111111111111111111111111111111111111777777777711111111111111111111111111111111111111111111111111111111111111111111110
     28 01111111111111111111111111111111111111111777777777711111111111111111111111111111111111111111111111111111111111111111111110
     27 01111111111111111111111111111111111111111777777777711111111111111111111111111111111111111111111111111111111111111111111110
     26 01111111111111111111111111111111111111111777777777711111111111111111111111111111111111111111111111111111111111111111111110
     25 01111111111111111111111111111111111111111777777777711111111111111111111111111111111111111111111111111111111111111111111110
     24 01111111111111111111111111111111111111111777777777711111111111111111111111111111111111111111111111111111111111111111111110
     23 01111111111111111111111111111111111111111777777777711111111111111111111111111111111111111111111111111111111111111111111110
     22 01111111111111111111111111111111111111111777777777711111111111111111111111111111111111111111111111111111111111111111111110
     21 01111111111333333333333333333331111111111111111111111111111111111111111111111111111111111111111111111111111111111111111110
     20 01111111111333333333333333333331111111111111111111111111111111111111111111111111111111111111111111111111111111111111111110
     19 01111111111333333333333333333331111111111111111111111111111111111111111111111111111111111111111111111111111111111111111110
     18 01111111111333333333333333333331111111111111111111111111111111111111111111111111111111111111111111111111111111111111111110
     17 01111111111333333333333333333331111111111111111111111111111111111111111111111111111111111111111111111111111111111111111110
     16 01111111111333333333333333333331111111111111111111111111111111111111111111111111111111111111111111111111111111111111111110
     15 01111111111333333333333333333331111111111111111111111111111111111111111111111111111111111111111111111111111111111111111110
     14 01111111111333333333333333333331111111111111111111111111111111111111111111111111111111111111111111111111111111111111111110
     13 01111111111333333333333333333331111111111111111111111111111111111111111111111111111111111111111111111111111111111111111110
     12 01111111111333333333333333333331111111111111111111111111111111111111111111111111111111111111111111111111111111111111111110
     11 01111111111333333333311111111111111111111111111111111111111111111111111111111111111111111111111111111111111111111111111110
     10 01111111111333333333311111111111111111111111111111111111111111111111111111111111111111111111111111111111111111111111111110
      9 01111111111333333333311111111111111111111111111111111111111111111111111111111111111111111111111111111111111111111111111110
      8 01111111111333333333311111111111111111111111111111111111111111111111111111111111111111111111111111111111111111111111111110
      7 01111111111333333333311111111111111111111111111111111111111111111111111111111111111111111111111111111111111111111111111110
      6 01111111111333333333311111111111111111111111111111111111111111111111111111111111111111111111111111111111111111111111111110
      5 01111111111333333333311111111111111111111111111111111111111111111111111111111111111111111111111111111111111111111111111110
      4 01111111111333333333311111111111111111111111111111111111111111111111111111111111111111111111111111111111111111111111111110
      3 01111111111333333333311111111111111111111111111111111111111111111111111111111111111111111111111111111111111111111111111110
      2 01111111111333333333311111111111111111111111111111111111111111111111111111111111111111111111111111111111111111111111111110
      1 00000000000000000000000000000000000000000000000000000000000000000000000000000000000000000000000000000000000000000000000000
:OC20 - HEAD AND FLUX BOUNDARY CONDITIONS: NOCHB, NOCFB, NOCPB                  
      0      0      0
:OC30 - NUMBER OF DEFAULT CHANNEL CROSS-SECTIONS                                
      0
:OC35 - CHANNEL LINK DATA(LINK NO.,BED ELEV.,DEPTH, STR. COEFF.,DEF X-S)        
      1    0.0    0.0 20.000      2
 20.409    0.0 20.409 1.5000
             4 50.000 0.7000 0.1000 -1.000
      2 1.5000    0.0 20.000      2
 20.402    0.0 20.402 1.5000
      3 2.0000    0.0 20.000      2
 20.393    0.0 20.393 1.5000
      4 2.1000    0.0 20.000      2
 20.381    0.0 20.381 1.5000
      5 2.2000    0.0 20.000      2
 20.377    0.0 20.377 1.5000
      6 2.5000    0.0 20.000      2
 20.374    0.0 20.374 1.5000
      7 3.0000    0.0 20.000      2
 20.349    0.0 20.349 1.5000
      8 3.1000    0.0 20.000      2
 20.334    0.0 20.334 1.5000
      9 3.2000    0.0 20.000      2
 20.320    0.0 20.320 1.5000
     10 3.3000    0.0 20.000      2
 20.309    0.0 20.309 1.5000
     11 3.4000    0.0 20.000      2
 20.307    0.0 20.307 1.5000
     12 3.6000    0.0 20.000      2
 20.304    0.0 20.304 1.5000
     13 3.7000    0.0 20.000      2
 20.302    0.0 20.302 1.5000
     14 3.8000    0.0 20.000      2
 20.300    0.0 20.300 1.5000
     15 3.9000    0.0 20.000      2
 20.297    0.0 20.297 1.5000
     16 4.0000    0.0 20.000      2
 20.293    0.0 20.293 1.5000
     17 4.1000    0.0 20.000      2
 20.290    0.0 20.290 1.5000
     18 4.2000    0.0 20.000      2
 20.284    0.0 20.284 1.5000
     19 4.3000    0.0 20.000      2
 20.281    0.0 20.281 1.5000
     20 4.4000    0.0 20.000      2
 20.277    0.0 20.277 1.5000
     21 4.5000    0.0 20.000      2
 20.274    0.0 20.274 1.5000
     22 4.6000    0.0 20.000      2
 20.270    0.0 20.270 1.5000
     23 4.7000    0.0 20.000      2
 20.267    0.0 20.267 1.5000
     24 4.8000    0.0 20.000      2
 20.263    0.0 20.263 1.5000
     25 4.9000    0.0 20.000      2
 20.262    0.0 20.262 1.5000
     26 5.0000    0.0 20.000      2
 20.260    0.0 20.260 1.5000
     27 5.1000    0.0 20.000      2
 20.258    0.0 20.258 1.5000
     28 5.2000    0.0 20.000      2
 20.255    0.0 20.255 1.5000
     29 5.3000    0.0 20.000      2
 20.251    0.0 20.251 1.5000
     30 5.4000    0.0 20.000      2
 20.246    0.0 20.246 1.5000
     31 5.5000    0.0 20.000      2
 20.239    0.0 20.239 1.5000
     32 5.6000    0.0 20.000      2
 20.230    0.0 20.230 1.5000
     33 5.7000    0.0 20.000      2
 20.214    0.0 20.214 1.5000
     34 5.8500    0.0 20.000      2
 2.8768    0.0 2.8768 1.5000
     35 6.0000    0.0 20.000      2
 2.8644    0.0 2.8644 1.5000
     36 5.8000    0.0 20.000      2
 20.198    0.0 20.198 1.5000
     37 5.9000    0.0 20.000      2
 19.985    0.0 19.985 1.5000
     38 6.0000    0.0 20.000      2
 2.7887    0.0 2.7887 1.5000
     39 6.0000    0.0 20.000      2
 19.978    0.0 19.978 1.5000
     40 6.1000    0.0 20.000      2
 2.7109    0.0 2.7109 1.5000
     41 6.1000    0.0 20.000      2
 19.971    0.0 19.971 1.5000
     42 6.2000    0.0 20.000      2
 19.964    0.0 19.964 1.5000
     43 6.3000    0.0 20.000      2
 19.958    0.0 19.958 1.5000
     44 6.4000    0.0 20.000      2
 19.953    0.0 19.953 1.5000
     45 6.5000    0.0 20.000      2
 19.947    0.0 19.947 1.5000
     46 6.6000    0.0 20.000      2
 19.942    0.0 19.942 1.5000
     47 6.7000    0.0 20.000      2
 19.939    0.0 19.939 1.5000
     48 6.8000    0.0 20.000      2
 19.933    0.0 19.933 1.5000
     49 6.9000    0.0 20.000      2
 19.928    0.0 19.928 1.5000
     50 7.0000    0.0 20.000      2
 19.922    0.0 19.922 1.5000
     51 7.1000    0.0 20.000      2
 19.917    0.0 19.917 1.5000
     52 7.3000    0.0 20.000      2
 19.912    0.0 19.912 1.5000
     53 7.4000    0.0 20.000      2
 19.910    0.0 19.910 1.5000
     54 7.5000    0.0 20.000      2
 19.908    0.0 19.908 1.5000
     55 7.6000    0.0 20.000      2
 19.905    0.0 19.905 1.5000
     56 7.7000    0.0 20.000      2
 19.899    0.0 19.899 1.5000
     57 7.8000    0.0 20.000      2
 19.892    0.0 19.892 1.5000
     58 7.9000    0.0 20.000      2
 19.885    0.0 19.885 1.5000
     59 8.0000    0.0 20.000      2
 19.870    0.0 19.870 1.5000
     60 8.1000    0.0 20.000      2
 19.851    0.0 19.851 1.5000
     61 8.2000    0.0 20.000      2
 19.831    0.0 19.831 1.5000
     62 8.3000    0.0 20.000      2
 19.811    0.0 19.811 1.5000
     63 8.4000    0.0 20.000      2
 19.793    0.0 19.793 1.5000
     64 8.5000    0.0 20.000      2
 19.773    0.0 19.773 1.5000
     65 8.6000    0.0 20.000      2
 19.755    0.0 19.755 1.5000
     66 8.7000    0.0 20.000      2
 19.737    0.0 19.737 1.5000
     67 8.8000    0.0 20.000      2
 19.717    0.0 19.717 1.5000
     68 8.9000    0.0 20.000      2
 19.697    0.0 19.697 1.5000
     69 9.0000    0.0 20.000      2
 19.677    0.0 19.677 1.5000
     70 9.1000    0.0 20.000      2
 19.656    0.0 19.656 1.5000
     71 9.2000    0.0 20.000      2
 19.632    0.0 19.632 1.5000
     72 9.6000    0.0 20.000      2
 19.526    0.0 19.526 1.5000
     73 9.5000    0.0 20.000      2
 19.530    0.0 19.530 1.5000
     74 9.4000    0.0 20.000      2
 19.534    0.0 19.534 1.5000
     75 9.3000    0.0 20.000      2
 19.537    0.0 19.537 1.5000
     76 9.7000    0.0 20.000      2
 19.512    0.0 19.512 1.5000
     77 10.000    0.0 20.000      2
 19.442    0.0 19.442 1.5000
     78 9.9000    0.0 20.000      2
 19.444    0.0 19.444 1.5000
     79 9.8000    0.0 20.000      2
 19.446    0.0 19.446 1.5000
     80 10.100    0.0 20.000      2
 19.431    0.0 19.431 1.5000
     81 10.200    0.0 20.000      2
 19.416    0.0 19.416 1.5000
     82 10.300    0.0 20.000      2
 19.398    0.0 19.398 1.5000
     83 10.500    0.0 20.000      2
 19.389    0.0 19.389 1.5000
     84 10.400    0.0 20.000      2
 19.393    0.0 19.393 1.5000
     85 10.600    0.0 20.000      2
 19.381    0.0 19.381 1.5000
     86 10.700    0.0 20.000      2
 19.374    0.0 19.374 1.5000
     87 11.100    0.0 20.000      2
 18.753    0.0 18.753 1.5000
     88 11.000    0.0 20.000      2
 18.759    0.0 18.759 1.5000
     89 11.350    0.0 20.000      2
 19.374    0.0 19.374 1.5000
     90 11.200    0.0 20.000      2
 18.720    0.0 18.720 1.5000
     91 12.000    0.0 20.000      2
 4.8228    0.0 4.8228 1.5000
     92 11.300    0.0 20.000      2
 18.715    0.0 18.715 1.5000
     93 12.500    0.0 20.000      2
 4.8080    0.0 4.8080 1.5000
     94 11.400    0.0 20.000      2
 18.707    0.0 18.707 1.5000
     95 13.000    0.0 20.000      2
 4.7856    0.0 4.7856 1.5000
     96 12.000    0.0 20.000      2
 18.640    0.0 18.640 1.5000
     97 11.600    0.0 20.000      2
 18.679    0.0 18.679 1.5000
     98 11.500    0.0 20.000      2
 18.684    0.0 18.684 1.5000
     99 12.100    0.0 20.000      2
 18.596    0.0 18.596 1.5000
    100 14.000    0.0 20.000      2
 4.7557    0.0 4.7557 1.5000
    101 12.200    0.0 20.000      2
 18.590    0.0 18.590 1.5000
    102 12.500    0.0 20.000      2
 18.571    0.0 18.571 1.5000
    103 14.500    0.0 20.000      2
 4.7029    0.0 4.7029 1.5000
    104 13.000    0.0 20.000      2
 18.567    0.0 18.567 1.5000
    105 15.000    0.0 20.000      2
 4.7029    0.0 4.7029 1.5000
    106 15.000    0.0 20.000      2
 3.3575    0.0 3.3575 1.5000
    107 16.000    0.0 20.000      2
 3.0804    0.0 3.0804 1.5000
    108 16.100    0.0 20.000      2
 3.0688    0.0 3.0688 1.5000
    109 13.100    0.0 20.000      2
 18.548    0.0 18.548 1.5000
    110 15.500    0.0 20.000      2
 3.2385    0.0 3.2385 1.5000
    111 19.000    0.0 20.000      2
 3.0455    0.0 3.0455 1.5000
    112 13.200    0.0 20.000      2
 18.540    0.0 18.540 1.5000
    113 16.000    0.0 20.000      2
 3.1942    0.0 3.1942 1.5000
    114 13.300    0.0 20.000      2
 18.523    0.0 18.523 1.5000
    115 18.000    0.0 20.000      2
 3.1605    0.0 3.1605 1.5000
    116 20.000    0.0 20.000      2
 2.9382    0.0 2.9382 1.5000
    117 13.500    0.0 20.000      2
 18.504    0.0 18.504 1.5000
    118 21.000    0.0 20.000      2
 3.0102    0.0 3.0102 1.5000
    119 23.000    0.0 20.000      2
 2.9260    0.0 2.9260 1.5000
    120 14.000    0.0 20.000      2
 18.477    0.0 18.477 1.5000
    121 22.000    0.0 20.000      2
 2.9983    0.0 2.9983 1.5000
    122 25.000    0.0 20.000      2
 2.9138    0.0 2.9138 1.5000
    123 14.100    0.0 20.000      2
 18.461    0.0 18.461 1.5000
    124 14.200    0.0 20.000      2
 18.440    0.0 18.440 1.5000
    125 24.000    0.0 20.000      2
 2.9864    0.0 2.9864 1.5000
    126 27.000    0.0 20.000      2
 2.9015    0.0 2.9015 1.5000
    127 14.500    0.0 20.000      2
 18.419    0.0 18.419 1.5000
    128 15.000    0.0 20.000      2
 18.398    0.0 18.398 1.5000
    129 25.000    0.0 20.000      2
 2.9744    0.0 2.9744 1.5000
    130 30.000    0.0 20.000      2
 2.8892    0.0 2.8892 1.5000
    131 15.100    0.0 20.000      2
 18.376    0.0 18.376 1.5000
    132 25.500    0.0 20.000      2
 2.9624    0.0 2.9624 1.5000
    133 34.000    0.0 20.000      2
 2.8768    0.0 2.8768 1.5000
    134 15.200    0.0 20.000      2
 18.353    0.0 18.353 1.5000
    135 26.000    0.0 20.000      2
 2.8268    0.0 2.8268 1.5000
    136 15.300    0.0 20.000      2
 18.332    0.0 18.332 1.5000
    137 30.000    0.0 20.000      2
 2.8015    0.0 2.8015 1.5000
    138 36.000    0.0 20.000      2
 2.8644    0.0 2.8644 1.5000
    139 15.400    0.0 20.000      2
 18.306    0.0 18.306 1.5000
    140 33.000    0.0 20.000      2
 2.7630    0.0 2.7630 1.5000
    141 38.000    0.0 20.000      2
 2.8519    0.0 2.8519 1.5000
    142 34.500    0.0 20.000      2
 2.6711    0.0 2.6711 1.5000
    143 17.000    0.0 20.000      2
 18.238    0.0 18.238 1.5000
    144 40.000    0.0 20.000      2
 2.8268    0.0 2.8268 1.5000
    145 17.100    0.0 20.000      2
 18.203    0.0 18.203 1.5000
    146 41.000    0.0 20.000      2
 2.8015    0.0 2.8015 1.5000
    147 17.500    0.0 20.000      2
 18.179    0.0 18.179 1.5000
    148 43.000    0.0 20.000      2
 2.7759    0.0 2.7759 1.5000
    149 18.000    0.0 20.000      2
 18.144    0.0 18.144 1.5000
    150 45.000    0.0 20.000      2
 2.7501    0.0 2.7501 1.5000
    151 18.100    0.0 20.000      2
 18.077    0.0 18.077 1.5000
    152 19.000    0.0 20.000      2
 18.059    0.0 18.059 1.5000
    153 45.500    0.0 20.000      2
 2.7109    0.0 2.7109 1.5000
    154 19.100    0.0 20.000      2
 18.041    0.0 18.041 1.5000
    155 19.500    0.0 20.000      2
 18.025    0.0 18.025 1.5000
    156 20.000    0.0 20.000      2
 18.010    0.0 18.010 1.5000
    157 20.100    0.0 20.000      2
 17.978    0.0 17.978 1.5000
    158 20.300    0.0 20.000      2
 17.922    0.0 17.922 1.5000
    159 20.400    0.0 20.000      2
 17.910    0.0 17.910 1.5000
    160 23.200    0.0 20.000      2
 13.307    0.0 13.307 1.5000
    161 23.100    0.0 20.000      2
 13.329    0.0 13.329 1.5000
    162 23.000    0.0 20.000      2
 13.331    0.0 13.331 1.5000
    163 22.200    0.0 20.000      2
 13.554    0.0 13.554 1.5000
    164 22.100    0.0 20.000      2
 13.562    0.0 13.562 1.5000
    165 22.000    0.0 20.000      2
 13.583    0.0 13.583 1.5000
    166 21.100    0.0 20.000      2
 13.594    0.0 13.594 1.5000
    167 21.000    0.0 20.000      2
 13.602    0.0 13.602 1.5000
    168 20.700    0.0 20.000      2
 13.615    0.0 13.615 1.5000
    169 20.550    0.0 20.000      2
 17.910    0.0 17.910 1.5000
    170 23.500    0.0 20.000      2
 13.047    0.0 13.047 1.5000
    171 22.000    0.0 20.000      2
 11.600    0.0 11.600 1.5000
    172 24.200    0.0 20.000      2
 12.995    0.0 12.995 1.5000
    173 24.100    0.0 20.000      2
 13.034    0.0 13.034 1.5000
    174 24.000    0.0 20.000      2
 13.042    0.0 13.042 1.5000
    175 24.500    0.0 20.000      2
 12.982    0.0 12.982 1.5000
    176 22.100    0.0 20.000      2
 11.560    0.0 11.560 1.5000
    177 25.200    0.0 20.000      2
 12.866    0.0 12.866 1.5000
    178 25.100    0.0 20.000      2
 12.907    0.0 12.907 1.5000
    179 25.000    0.0 20.000      2
 12.946    0.0 12.946 1.5000
    180 26.000    0.0 20.000      2
 12.715    0.0 12.715 1.5000
    181 22.200    0.0 20.000      2
 11.517    0.0 11.517 1.5000
    182 28.100    0.0 20.000      2
 12.500    0.0 12.500 1.5000
    183 28.000    0.0 20.000      2
 12.503    0.0 12.503 1.5000
    184 27.100    0.0 20.000      2
 12.591    0.0 12.591 1.5000
    185 27.000    0.0 20.000      2
 12.633    0.0 12.633 1.5000
    186 26.500    0.0 20.000      2
 12.676    0.0 12.676 1.5000
    187 22.300    0.0 20.000      2
 11.489    0.0 11.489 1.5000
    188 28.500    0.0 20.000      2
 12.491    0.0 12.491 1.5000
    189 22.500    0.0 20.000      2
 11.445    0.0 11.445 1.5000
    190 30.500    0.0 20.000      2
 12.362    0.0 12.362 1.5000
    191 30.000    0.0 20.000      2
 12.405    0.0 12.405 1.5000
    192 29.000    0.0 20.000      2
 12.449    0.0 12.449 1.5000
    193 31.000    0.0 20.000      2
 12.229    0.0 12.229 1.5000
    194 23.500    0.0 20.000      2
 11.408    0.0 11.408 1.5000
    195 34.000    0.0 20.000      2
 2.7370    0.0 2.7370 1.5000
    196 33.050    0.0 20.000      2
 11.698    0.0 11.698 1.5000
    197 32.100    0.0 20.000      2
 12.109    0.0 12.109 1.5000
    198 32.000    0.0 20.000      2
 12.182    0.0 12.182 1.5000
    199 31.100    0.0 20.000      2
 12.188    0.0 12.188 1.5000
    200 32.200    0.0 20.000      2
 11.744    0.0 11.744 1.5000
    201 24.000    0.0 20.000      2
 11.383    0.0 11.383 1.5000
    202 32.500    0.0 20.000      2
 11.698    0.0 11.698 1.5000
    203 33.000    0.0 20.000      2
 11.689    0.0 11.689 1.5000
    204 25.000    0.0 20.000      2
 11.317    0.0 11.317 1.5000
    205 34.100    0.0 20.000      2
 11.609    0.0 11.609 1.5000
    206 34.000    0.0 20.000      2
 11.649    0.0 11.649 1.5000
    207 34.500    0.0 20.000      2
 11.597    0.0 11.597 1.5000
    208 25.100    0.0 20.000      2
 11.304    0.0 11.304 1.5000
    209 35.100    0.0 20.000      2
 11.569    0.0 11.569 1.5000
    210 35.000    0.0 20.000      2
 11.582    0.0 11.582 1.5000
    211 35.500    0.0 20.000      2
 11.545    0.0 11.545 1.5000
    212 25.500    0.0 20.000      2
 11.139    0.0 11.139 1.5000
    213 36.000    0.0 20.000      2
 11.538    0.0 11.538 1.5000
    214 36.500    0.0 20.000      2
 11.517    0.0 11.517 1.5000
    215 27.000    0.0 20.000      2
 11.026    0.0 11.026 1.5000
    216 38.500    0.0 20.000      2
 11.323    0.0 11.323 1.5000
    217 38.000    0.0 20.000      2
 11.358    0.0 11.358 1.5000
    218 37.100    0.0 20.000      2
 11.383    0.0 11.383 1.5000
    219 37.000    0.0 20.000      2
 11.411    0.0 11.411 1.5000
    220 39.000    0.0 20.000      2
 11.288    0.0 11.288 1.5000
    221 28.000    0.0 20.000      2
 10.942    0.0 10.942 1.5000
    222 42.100    0.0 20.000      2
 10.968    0.0 10.968 1.5000
    223 42.000    0.0 20.000      2
 10.994    0.0 10.994 1.5000
    224 41.000    0.0 20.000      2
 11.231    0.0 11.231 1.5000
    225 40.100    0.0 20.000      2
 11.260    0.0 11.260 1.5000
    226 40.000    0.0 20.000      2
 11.269    0.0 11.269 1.5000
    227 75.000    0.0 20.000      2
 2.7240    0.0 2.7240 1.5000
    228 42.200    0.0 20.000      2
 10.604    0.0 10.604 1.5000
    229 28.100    0.0 20.000      2
 10.919    0.0 10.919 1.5000
    230 29.050    0.0 20.000      2
 10.919    0.0 10.919 1.5000
    231 30.000    0.0 20.000      2
 3.3362    0.0 3.3362 1.5000
    232 32.000    0.0 20.000      2
 3.3255    0.0 3.3255 1.5000
    233 32.500    0.0 20.000      2
 3.3147    0.0 3.3147 1.5000
    234 33.000    0.0 20.000      2
 3.2931    0.0 3.2931 1.5000
    235 72.000    0.0 20.000      2
 2.8142    0.0 2.8142 1.5000
    236 42.500    0.0 20.000      2
 10.580    0.0 10.580 1.5000
    237 29.000    0.0 20.000      2
 10.390    0.0 10.390 1.5000
    238 34.500    0.0 20.000      2
 2.8394    0.0 2.8394 1.5000
    239 71.500    0.0 20.000      2
 2.8519    0.0 2.8519 1.5000
    240 43.000    0.0 20.000      2
 10.516    0.0 10.516 1.5000
    241 71.000    0.0 20.000      2
 2.9260    0.0 2.9260 1.5000
    242 43.100    0.0 20.000      2
 10.509    0.0 10.509 1.5000
    243 29.500    0.0 20.000      2
 10.345    0.0 10.345 1.5000
    244 70.000    0.0 20.000      2
 3.3362    0.0 3.3362 1.5000
    245 43.500    0.0 20.000      2
 10.486    0.0 10.486 1.5000
    246 30.000    0.0 20.000      2
 10.331    0.0 10.331 1.5000
    247 66.000    0.0 20.000      2
 3.3575    0.0 3.3575 1.5000
    248 44.000    0.0 20.000      2
 10.475    0.0 10.475 1.5000
    249 30.100    0.0 20.000      2
 10.307    0.0 10.307 1.5000
    250 65.000    0.0 20.000      2
 3.4415    0.0 3.4415 1.5000
    251 64.100    0.0 20.000      2
 3.5234    0.0 3.5234 1.5000
    252 64.000    0.0 20.000      2
 3.6035    0.0 3.6035 1.5000
    253 63.400    0.0 20.000      2
 3.6721    0.0 3.6721 1.5000
    254 63.300    0.0 20.000      2
 3.7300    0.0 3.7300 1.5000
    255 63.200    0.0 20.000      2
 3.7586    0.0 3.7586 1.5000
    256 48.000    0.0 20.000      2
 9.7814    0.0 9.7814 1.5000
    257 47.000    0.0 20.000      2
 9.8033    0.0 9.8033 1.5000
    258 45.100    0.0 20.000      2
 9.8215    0.0 9.8215 1.5000
    259 45.000    0.0 20.000      2
 10.404    0.0 10.404 1.5000
    260 44.300    0.0 20.000      2
 10.421    0.0 10.421 1.5000
    261 44.200    0.0 20.000      2
 10.438    0.0 10.438 1.5000
    262 44.100    0.0 20.000      2
 10.455    0.0 10.455 1.5000
    263 63.100    0.0 20.000      2
 3.7869    0.0 3.7869 1.5000
    264 48.900    0.0 20.000      2
 9.7412    0.0 9.7412 1.5000
    265 48.650    0.0 20.000      2
 3.3892    0.0 3.3892 1.5000
    266 31.000    0.0 20.000      2
 10.259    0.0 10.259 1.5000
    267 63.000    0.0 20.000      2
 3.8244    0.0 3.8244 1.5000
    268 61.000    0.0 20.000      2
 3.8523    0.0 3.8523 1.5000
    269 49.100    0.0 20.000      2
 9.6825    0.0 9.6825 1.5000
    270 49.000    0.0 20.000      2
 9.6898    0.0 9.6898 1.5000
    271 55.000    0.0 20.000      2
 3.8708    0.0 3.8708 1.5000
    272 49.200    0.0 20.000      2
 9.3488    0.0 9.3488 1.5000
    273 53.000    0.0 20.000      2
 3.3787    0.0 3.3787 1.5000
    274 31.900    0.0 20.000      2
 10.192    0.0 10.192 1.5000
    275 53.000    0.0 20.000      2
 3.8892    0.0 3.8892 1.5000
    276 49.300    0.0 20.000      2
 9.2760    0.0 9.2760 1.5000
    277 32.000    0.0 20.000      2
 10.080    0.0 10.080 1.5000
    278 52.050    0.0 20.000      2
 9.2182    0.0 9.2182 1.5000
    279 49.400    0.0 20.000      2
 9.2683    0.0 9.2683 1.5000
    280 53.100    0.0 20.000      2
 3.3575    0.0 3.3575 1.5000
    281 32.100    0.0 20.000      2
 10.055    0.0 10.055 1.5000
    282 51.100    0.0 20.000      2
 9.2182    0.0 9.2182 1.5000
    283 51.000    0.0 20.000      2
 9.2413    0.0 9.2413 1.5000
    284 32.200    0.0 20.000      2
 10.048    0.0 10.048 1.5000
    285 52.000    0.0 20.000      2
 8.3405    0.0 8.3405 1.5000
    286 55.000    0.0 20.000      2
 3.3040    0.0 3.3040 1.5000
    287 33.000    0.0 20.000      2
 10.033    0.0 10.033 1.5000
    288 53.000    0.0 20.000      2
 8.3233    0.0 8.3233 1.5000
    289 53.100    0.0 20.000      2
 8.2976    0.0 8.2976 1.5000
    290 58.000    0.0 20.000      2
 3.2495    0.0 3.2495 1.5000
    291 33.500    0.0 20.000      2
 10.023    0.0 10.023 1.5000
    292 53.200    0.0 20.000      2
 8.2890    0.0 8.2890 1.5000
    293 61.000    0.0 20.000      2
 3.1830    0.0 3.1830 1.5000
    294 34.000    0.0 20.000      2
 10.009    0.0 10.009 1.5000
    295 53.300    0.0 20.000      2
 8.2458    0.0 8.2458 1.5000
    296 62.500    0.0 20.000      2
 3.1492    0.0 3.1492 1.5000
    297 34.100    0.0 20.000      2
 10.001    0.0 10.001 1.5000
    298 53.500    0.0 20.000      2
 8.2328    0.0 8.2328 1.5000
    299 37.100    0.0 20.000      2
 8.6964    0.0 8.6964 1.5000
    300 37.000    0.0 20.000      2
 8.7169    0.0 8.7169 1.5000
    301 35.300    0.0 20.000      2
 8.7618    0.0 8.7618 1.5000
    302 35.200    0.0 20.000      2
 9.3526    0.0 9.3526 1.5000
    303 35.100    0.0 20.000      2
 9.3793    0.0 9.3793 1.5000
    304 35.000    0.0 20.000      2
 9.3907    0.0 9.3907 1.5000
    305 34.200    0.0 20.000      2
 9.4739    0.0 9.4739 1.5000
    306 36.050    0.0 20.000      2
 10.001    0.0 10.001 1.5000
    307 54.000    0.0 20.000      2
 8.2025    0.0 8.2025 1.5000
    308 64.100    0.0 20.000      2
 2.8015    0.0 2.8015 1.5000
    309 37.200    0.0 20.000      2
 8.6016    0.0 8.6016 1.5000
    310 37.100    0.0 20.000      2
 3.2164    0.0 3.2164 1.5000
    311 38.000    0.0 20.000      2
 3.1830    0.0 3.1830 1.5000
    312 38.000    0.0 20.000      2
 8.5933    0.0 8.5933 1.5000
    313 55.000    0.0 20.000      2
 8.1807    0.0 8.1807 1.5000
    314 39.000    0.0 20.000      2
 8.5808    0.0 8.5808 1.5000
    315 39.000    0.0 20.000      2
 3.2053    0.0 3.2053 1.5000
    316 42.000    0.0 20.000      2
 3.1492    0.0 3.1492 1.5000
    317 39.100    0.0 20.000      2
 8.4930    0.0 8.4930 1.5000
    318 59.000    0.0 20.000      2
 8.1501    0.0 8.1501 1.5000
    319 40.000    0.0 20.000      2
 8.4846    0.0 8.4846 1.5000
    320 42.000    0.0 20.000      2
 3.1942    0.0 3.1942 1.5000
    321 44.000    0.0 20.000      2
 3.1035    0.0 3.1035 1.5000
    322 41.000    0.0 20.000      2
 8.4044    0.0 8.4044 1.5000
    323 60.000    0.0 20.000      2
 8.1194    0.0 8.1194 1.5000
    324 41.100    0.0 20.000      2
 8.3704    0.0 8.3704 1.5000
    325 44.000    0.0 20.000      2
 3.1830    0.0 3.1830 1.5000
    326 44.500    0.0 20.000      2
 3.0572    0.0 3.0572 1.5000
    327 84.000    0.0 20.000      2
 3.1378    0.0 3.1378 1.5000
    328 82.000    0.0 20.000      2
 3.2275    0.0 3.2275 1.5000
    329 75.100    0.0 20.000      2
 3.3147    0.0 3.3147 1.5000
    330 75.000    0.0 20.000      2
 3.3892    0.0 3.3892 1.5000
    331 73.000    0.0 20.000      2
 3.4621    0.0 3.4621 1.5000
    332 65.200    0.0 20.000      2
 2.9015    0.0 2.9015 1.5000
    333 65.100    0.0 20.000      2
 2.9864    0.0 2.9864 1.5000
    334 65.000    0.0 20.000      2
 3.0688    0.0 3.0688 1.5000
    335 64.000    0.0 20.000      2
 3.2164    0.0 3.2164 1.5000
    336 56.100    0.0 20.000      2
 3.3040    0.0 3.3040 1.5000
    337 56.000    0.0 20.000      2
 3.3147    0.0 3.3147 1.5000
    338 53.000    0.0 20.000      2
 3.4724    0.0 3.4724 1.5000
    339 49.000    0.0 20.000      2
 3.5637    0.0 3.5637 1.5000
    340 46.000    0.0 20.000      2
 3.6527    0.0 3.6527 1.5000
    341 44.000    0.0 20.000      2
 3.6624    0.0 3.6624 1.5000
    342 42.000    0.0 20.000      2
 8.3533    0.0 8.3533 1.5000
    343 41.200    0.0 20.000      2
 8.3618    0.0 8.3618 1.5000
    344 72.000    0.0 20.000      2
 3.5335    0.0 3.5335 1.5000
    345 62.000    0.0 20.000      2
 7.9282    0.0 7.9282 1.5000
    346 43.000    0.0 20.000      2
 8.2847    0.0 8.2847 1.5000
    347 44.100    0.0 20.000      2
 3.1264    0.0 3.1264 1.5000
    348 46.000    0.0 20.000      2
 2.8268    0.0 2.8268 1.5000
    349 64.400    0.0 20.000      2
 6.4935    0.0 6.4935 1.5000
    350 64.300    0.0 20.000      2
 6.5700    0.0 6.5700 1.5000
    351 64.200    0.0 20.000      2
 6.6295    0.0 6.6295 1.5000
    352 64.100    0.0 20.000      2
 6.6777    0.0 6.6777 1.5000
    353 64.000    0.0 20.000      2
 6.6884    0.0 6.6884 1.5000
    354 63.000    0.0 20.000      2
 6.6991    0.0 6.6991 1.5000
    355 63.000    0.0 20.000      2
 7.9282    0.0 7.9282 1.5000
    356 44.200    0.0 20.000      2
 2.8142    0.0 2.8142 1.5000
    357 71.550    0.0 20.000      2
 6.2128    0.0 6.2128 1.5000
    358 65.000    0.0 20.000      2
 6.3603    0.0 6.3603 1.5000
    359 64.000    0.0 20.000      2
 4.2234    0.0 4.2234 1.5000
    360 43.100    0.0 20.000      2
 7.4216    0.0 7.4216 1.5000
    361 49.000    0.0 20.000      2
 2.7759    0.0 2.7759 1.5000
    362 53.000    0.0 20.000      2
 2.7630    0.0 2.7630 1.5000
    363 71.100    0.0 20.000      2
 6.2128    0.0 6.2128 1.5000
    364 71.000    0.0 20.000      2
 6.2243    0.0 6.2243 1.5000
    365 68.000    0.0 20.000      2
 6.2586    0.0 6.2586 1.5000
    366 66.000    0.0 20.000      2
 6.2983    0.0 6.2983 1.5000
    367 72.000    0.0 20.000      2
 5.0327    0.0 5.0327 1.5000
    368 64.100    0.0 20.000      2
 4.2149    0.0 4.2149 1.5000
    369 45.000    0.0 20.000      2
 7.3053    0.0 7.3053 1.5000
    370 54.000    0.0 20.000      2
 2.6844    0.0 2.6844 1.5000
    371 72.100    0.0 20.000      2
 4.9971    0.0 4.9971 1.5000
    372 64.200    0.0 20.000      2
 4.1809    0.0 4.1809 1.5000
    373 45.100    0.0 20.000      2
 7.2906    0.0 7.2906 1.5000
    374 46.000    0.0 20.000      2
 7.0872    0.0 7.0872 1.5000
    375 45.200    0.0 20.000      2
 7.1324    0.0 7.1324 1.5000
    376 72.200    0.0 20.000      2
 4.9685    0.0 4.9685 1.5000
    377 72.000    0.0 20.000      2
 4.1121    0.0 4.1121 1.5000
    378 47.000    0.0 20.000      2
 7.0721    0.0 7.0721 1.5000
    379 72.500    0.0 20.000      2
 4.9397    0.0 4.9397 1.5000
    380 47.100    0.0 20.000      2
 7.0367    0.0 7.0367 1.5000
    381 73.000    0.0 20.000      2
 4.9035    0.0 4.9035 1.5000
    382 72.200    0.0 20.000      2
 4.0597    0.0 4.0597 1.5000
    383 48.000    0.0 20.000      2
 7.0164    0.0 7.0164 1.5000
    384 49.000    0.0 20.000      2
 6.9909    0.0 6.9909 1.5000
    385 73.500    0.0 20.000      2
 4.8228    0.0 4.8228 1.5000
    386 73.000    0.0 20.000      2
 4.0244    0.0 4.0244 1.5000
    387 50.000    0.0 20.000      2
 6.9807    0.0 6.9807 1.5000
    388 74.000    0.0 20.000      2
 4.7332    0.0 4.7332 1.5000
    389 51.100    0.0 20.000      2
 6.9500    0.0 6.9500 1.5000
    390 51.000    0.0 20.000      2
 6.9653    0.0 6.9653 1.5000
    391 74.100    0.0 20.000      2
 4.7181    0.0 4.7181 1.5000
    392 74.000    0.0 20.000      2
 3.9166    0.0 3.9166 1.5000
    393 51.200    0.0 20.000      2
 6.9088    0.0 6.9088 1.5000
    394 83.000    0.0 20.000      2
 3.5536    0.0 3.5536 1.5000
    395 81.000    0.0 20.000      2
 3.5637    0.0 3.5637 1.5000
    396 77.050    0.0 20.000      2
 4.7181    0.0 4.7181 1.5000
    397 53.100    0.0 20.000      2
 6.1261    0.0 6.1261 1.5000
    398 53.000    0.0 20.000      2
 6.1435    0.0 6.1435 1.5000
    399 53.600    0.0 20.000      2
 6.9088    0.0 6.9088 1.5000
    400 83.100    0.0 20.000      2
 3.5133    0.0 3.5133 1.5000
    401 80.000    0.0 20.000      2
 3.0688    0.0 3.0688 1.5000
    402 75.000    0.0 20.000      2
 2.9138    0.0 2.9138 1.5000
    403 53.500    0.0 20.000      2
 5.9368    0.0 5.9368 1.5000
    404 56.000    0.0 20.000      2
 3.1378    0.0 3.1378 1.5000
    405 86.000    0.0 20.000      2
 3.4102    0.0 3.4102 1.5000
    406 84.000    0.0 20.000      2
 3.4929    0.0 3.4929 1.5000
    407 54.000    0.0 20.000      2
 5.9067    0.0 5.9067 1.5000
    408 86.100    0.0 20.000      2
 3.3469    0.0 3.3469 1.5000
    409 81.500    0.0 20.000      2
 3.0455    0.0 3.0455 1.5000
    410 80.000    0.0 20.000      2
 2.8394    0.0 2.8394 1.5000
    411 54.500    0.0 20.000      2
 5.8946    0.0 5.8946 1.5000
    412 63.000    0.0 20.000      2
 3.1264    0.0 3.1264 1.5000
    413 86.200    0.0 20.000      2
 3.3040    0.0 3.3040 1.5000
    414 83.000    0.0 20.000      2
 2.7501    0.0 2.7501 1.5000
    415 82.000    0.0 20.000      2
 2.8142    0.0 2.8142 1.5000
    416 55.000    0.0 20.000      2
 5.8031    0.0 5.8031 1.5000
    417 87.000    0.0 20.000      2
 3.0572    0.0 3.0572 1.5000
    418 85.000    0.0 20.000      2
 2.7501    0.0 2.7501 1.5000
    419 59.000    0.0 20.000      2
 5.7723    0.0 5.7723 1.5000
    420 65.000    0.0 20.000      2
 3.0920    0.0 3.0920 1.5000
    421 91.000    0.0 20.000      2
 3.0338    0.0 3.0338 1.5000
    422 63.000    0.0 20.000      2
 5.6220    0.0 5.6220 1.5000
    423 62.000    0.0 20.000      2
 5.6473    0.0 5.6473 1.5000
    424 61.100    0.0 20.000      2
 5.6662    0.0 5.6662 1.5000
    425 61.000    0.0 20.000      2
 5.7164    0.0 5.7164 1.5000
    426 94.000    0.0 20.000      2
 2.9864    0.0 2.9864 1.5000
    427 63.100    0.0 20.000      2
 5.5710    0.0 5.5710 1.5000
    428 66.000    0.0 20.000      2
 3.0338    0.0 3.0338 1.5000
    429 94.100    0.0 20.000      2
 2.9503    0.0 2.9503 1.5000
    430 65.200    0.0 20.000      2
 4.8375    0.0 4.8375 1.5000
    431 65.100    0.0 20.000      2
 4.8962    0.0 4.8962 1.5000
    432 65.000    0.0 20.000      2
 4.9469    0.0 4.9469 1.5000
    433 63.200    0.0 20.000      2
 4.9613    0.0 4.9613 1.5000
    434 94.200    0.0 20.000      2
 2.9260    0.0 2.9260 1.5000
    435 65.300    0.0 20.000      2
 4.7029    0.0 4.7029 1.5000
    436 74.000    0.0 20.000      2
 4.5877    0.0 4.5877 1.5000
    437 67.000    0.0 20.000      2
 4.6649    0.0 4.6649 1.5000
    438 74.100    0.0 20.000      2
 4.4134    0.0 4.4134 1.5000
    439 74.300    0.0 20.000      2
 4.2402    0.0 4.2402 1.5000
    440 74.200    0.0 20.000      2
 4.3318    0.0 4.3318 1.5000
    441 76.000    0.0 20.000      2
 4.2234    0.0 4.2234 1.5000
    442 76.200    0.0 20.000      2
 4.1638    0.0 4.1638 1.5000
    443 76.100    0.0 20.000      2
 4.1894    0.0 4.1894 1.5000
    444 77.000    0.0 20.000      2
 3.4929    0.0 3.4929 1.5000
    445 80.000    0.0 20.000      2
 3.4724    0.0 3.4724 1.5000
    446 83.000    0.0 20.000      2
 3.3787    0.0 3.3787 1.5000
    447 83.500    0.0 20.000      2
 3.3575    0.0 3.3575 1.5000
    448 95.100    0.0 20.000      2
 2.7240    0.0 2.7240 1.5000
    449 94.000    0.0 20.000      2
 2.8142    0.0 2.8142 1.5000
    450 86.000    0.0 20.000      2
 2.9744    0.0 2.9744 1.5000
    451 84.000    0.0 20.000      2
 3.0572    0.0 3.0572 1.5000
