Earwig FAO daily pe (averaged of 100 years)
0.4
0.4
0.4
0.4
0.4
0.4
0.4
0.4
0.4
0.4
0.4
0.4
0.4
0.4
0.4
0.4
0.4
0.404119355
0.406790323
0.409332258
0.412812903
0.419270968
0.421667742
0.425787097
0.431077419
0.438312903
0.443709677
0.448758065
0.452045161
0.455370968
0.463367742
0.467703226
0.471216129
0.476958065
0.482658065
0.488051613
0.49513871
0.501341935
0.507645161
0.514087097
0.517183871
0.521203226
0.525829032
0.533348387
0.544335484
0.555167742
0.567848387
0.575348387
0.586174194
0.597748387
0.608306452
0.618506452
0.629412903
0.640483871
0.651348387
0.662090323
0.668609677
0.681570968
0.694464516
0.711374194
0.729270968
0.743122581
0.760370968
0.779664516
0.795680645
0.8138
0.828519355
0.841180645
0.861670968
0.876490323
0.896925806
0.916609677
0.935680645
0.951970968
0.970154839
0.988174194
1.007703226
1.023974194
1.045196774
1.062654839
1.082812903
1.103806452
1.122693548
1.140019355
1.16093871
1.17863871
1.196916129
1.218025806
1.235574194
1.253109677
1.269948387
1.290541935
1.313293548
1.332887097
1.353064516
1.372912903
1.390541935
1.412377419
1.433809677
1.453241935
1.475774194
1.494354839
1.509470968
1.528712903
1.549909677
1.575912903
1.598716129
1.619045161
1.638380645
1.656109677
1.67703871
1.6949
1.714535484
1.737119355
1.759596774
1.784080645
1.810790323
1.836922581
1.858019355
1.88003871
1.901609677
1.923154839
1.941677419
1.957935484
1.977229032
1.996777419
2.018290323
2.043077419
2.063364516
2.081051613
2.100945161
2.119280645
2.139222581
2.165229032
2.185632258
2.207025806
2.223012903
2.239790323
2.256080645
2.274890323
2.2936
2.308741935
2.322941935
2.334474194
2.34416129
2.357435484
2.367467742
2.375016129
2.378283871
2.392370968
2.401787097
2.413641935
2.424529032
2.433745161
2.443419355
2.456754839
2.462154839
2.466187097
2.471483871
2.480229032
2.487390323
2.4933
2.500654839
2.50606129
2.508141935
2.515
2.520690323
2.529632258
2.534225806
2.537593548
2.539441935
2.539245161
2.537116129
2.54066129
2.544493548
2.548383871
2.548380645
2.550074194
2.554151613
2.565045161
2.565487097
2.565716129
2.568577419
2.567277419
2.565996774
2.564232258
2.556954839
2.553490323
2.551422581
2.549770968
2.54596129
2.547167742
2.542758065
2.5351
2.529709677
2.523751613
2.519406452
2.509
2.494322581
2.480532258
2.469316129
2.456645161
2.451622581
2.446903226
2.436803226
2.42476129
2.413377419
2.401783871
2.390487097
2.377422581
2.363303226
2.351958065
2.342416129
2.328296774
2.317225806
2.303954839
2.290367742
2.280283871
2.267632258
2.256606452
2.2413
2.22526129
2.207832258
2.192770968
2.180467742
2.164912903
2.15013871
2.132693548
2.12
2.103109677
2.083
2.061558065
2.041470968
2.017106452
1.994232258
1.971254839
1.952796774
1.934645161
1.912919355
1.889080645
1.863529032
1.837867742
1.815058065
1.790709677
1.762948387
1.736519355
1.70976129
1.683690323
1.65606129
1.633967742
1.60893871
1.583719355
1.55946129
1.531925806
1.503419355
1.477816129
1.456096774
1.431503226
1.405548387
1.378522581
1.351525806
1.330112903
1.308206452
1.288112903
1.265822581
1.244819355
1.226235484
1.205335484
1.181032258
1.162870968
1.145980645
1.127132258
1.1069
1.087551613
1.070767742
1.051648387
1.029996774
1.011106452
0.994283871
0.9752
0.952993548
0.932358065
0.913032258
0.895577419
0.878448387
0.8625
0.847222581
0.826780645
0.810019355
0.7942
0.776990323
0.7661
0.754454839
0.742777419
0.728045161
0.716258065
0.70216129
0.687135484
0.671767742
0.662535484
0.646887097
0.635009677
0.623435484
0.612909677
0.600687097
0.585435484
0.577741935
0.567409677
0.559096774
0.553225806
0.543770968
0.53703871
0.531409677
0.523974194
0.514296774
0.506848387
0.498287097
0.490232258
0.482887097
0.477841935
0.469670968
0.465241935
0.46043871
0.452829032
0.450006452
0.445493548
0.438425806
0.433822581
0.431245161
0.429412903
0.423425806
0.421974194
0.413612903
0.408474194
0.405370968
0.400748387
0.4
0.4
0.4
0.4
0.4
0.4
0.4
0.4
0.4
0.4
0.4
0.4
0.4
0.4
0.4
0.4
0.4
0.4
0.4
0.4
0.4
0.4
0.4
0.4
0.4
0.4
0.4
0.4
0.4
0.4
0.4
0.4
0.4
0.4
0.4
0.4
0.4
0.4
0.4
0.4
0.4
0.4
0.4
0.4
0.4
0.4
0.404119355
0.406790323
0.409332258
0.412812903
0.419270968
0.421667742
0.425787097
0.431077419
0.438312903
0.443709677
0.448758065
0.452045161
0.455370968
0.463367742
0.467703226
0.471216129
0.476958065
0.482658065
0.488051613
0.49513871
0.501341935
0.507645161
0.514087097
0.517183871
0.521203226
0.525829032
0.533348387
0.544335484
0.555167742
0.567848387
0.575348387
0.586174194
0.597748387
0.608306452
0.618506452
0.629412903
0.640483871
0.651348387
0.662090323
0.668609677
0.681570968
0.694464516
0.711374194
0.729270968
0.743122581
0.760370968
0.779664516
0.795680645
0.8138
0.828519355
0.841180645
0.861670968
0.876490323
0.896925806
0.916609677
0.935680645
0.951970968
0.970154839
0.988174194
1.007703226
1.023974194
1.045196774
1.062654839
1.082812903
1.103806452
1.122693548
1.140019355
1.16093871
1.17863871
1.196916129
1.218025806
1.235574194
1.253109677
1.269948387
1.290541935
1.313293548
1.332887097
1.353064516
1.372912903
1.390541935
1.412377419
1.433809677
1.453241935
1.475774194
1.494354839
1.509470968
1.528712903
1.549909677
1.575912903
1.598716129
1.619045161
1.638380645
1.656109677
1.67703871
1.6949
1.714535484
1.737119355
1.759596774
1.784080645
1.810790323
1.836922581
1.858019355
1.88003871
1.901609677
1.923154839
1.941677419
1.957935484
1.977229032
1.996777419
2.018290323
2.043077419
2.063364516
2.081051613
2.100945161
2.119280645
2.139222581
2.165229032
2.185632258
2.207025806
2.223012903
2.239790323
2.256080645
2.274890323
2.2936
2.308741935
2.322941935
2.334474194
2.34416129
2.357435484
2.367467742
2.375016129
2.378283871
2.392370968
2.401787097
2.413641935
2.424529032
2.433745161
2.443419355
2.456754839
2.462154839
2.466187097
2.471483871
2.480229032
2.487390323
2.4933
2.500654839
2.50606129
2.508141935
2.515
2.520690323
2.529632258
2.534225806
2.537593548
2.539441935
2.539245161
2.537116129
2.54066129
2.544493548
2.548383871
2.548380645
2.550074194
2.554151613
2.565045161
2.565487097
2.565716129
2.568577419
2.567277419
2.565996774
2.564232258
2.556954839
2.553490323
2.551422581
2.549770968
2.54596129
2.547167742
2.542758065
2.5351
2.529709677
2.523751613
2.519406452
2.509
2.494322581
2.480532258
2.469316129
2.456645161
2.451622581
2.446903226
2.436803226
2.42476129
2.413377419
2.401783871
2.390487097
2.377422581
2.363303226
2.351958065
2.342416129
2.328296774
2.317225806
2.303954839
2.290367742
2.280283871
2.267632258
2.256606452
2.2413
2.22526129
2.207832258
2.192770968
2.180467742
2.164912903
2.15013871
2.132693548
2.12
2.103109677
2.083
2.061558065
2.041470968
2.017106452
1.994232258
1.971254839
1.952796774
1.934645161
1.912919355
1.889080645
1.863529032
1.837867742
1.815058065
1.790709677
1.762948387
1.736519355
1.70976129
1.683690323
1.65606129
1.633967742
1.60893871
1.583719355
1.55946129
1.531925806
1.503419355
1.477816129
1.456096774
1.431503226
1.405548387
1.378522581
1.351525806
1.330112903
1.308206452
1.288112903
1.265822581
1.244819355
1.226235484
1.205335484
1.181032258
1.162870968
1.145980645
1.127132258
1.1069
1.087551613
1.070767742
1.051648387
1.029996774
1.011106452
0.994283871
0.9752
0.952993548
0.932358065
0.913032258
0.895577419
0.878448387
0.8625
0.847222581
0.826780645
0.810019355
0.7942
0.776990323
0.7661
0.754454839
0.742777419
0.728045161
0.716258065
0.70216129
0.687135484
0.671767742
0.662535484
0.646887097
0.635009677
0.623435484
0.612909677
0.600687097
0.585435484
0.577741935
0.567409677
0.559096774
0.553225806
0.543770968
0.53703871
0.531409677
0.523974194
0.514296774
0.506848387
0.498287097
0.490232258
0.482887097
0.477841935
0.469670968
0.465241935
0.46043871
0.452829032
0.450006452
0.445493548
0.438425806
0.433822581
0.431245161
0.429412903
0.423425806
0.421974194
0.413612903
0.408474194
0.405370968
0.400748387
0.4
0.4
0.4
0.4
0.4
0.4
0.4
0.4
0.4
0.4
0.4
0.4
0.4
0.4
0.4
0.4
0.4
0.4
0.4
0.4
0.4
0.4
0.4
0.4
0.4
0.4
0.4
0.4
0.4
0.4
0.4
0.4
0.4
0.4
0.4
0.4
0.4
0.4
0.4
0.4
0.4
0.4
0.4
0.4
0.4
0.4
0.404119355
0.406790323
0.409332258
0.412812903
0.419270968
0.421667742
0.425787097
0.431077419
0.438312903
0.443709677
0.448758065
0.452045161
0.455370968
0.463367742
0.467703226
0.471216129
0.476958065
0.482658065
0.488051613
0.49513871
0.501341935
0.507645161
0.514087097
0.517183871
0.521203226
0.525829032
0.533348387
0.544335484
0.555167742
0.567848387
0.575348387
0.586174194
0.597748387
0.608306452
0.618506452
0.629412903
0.640483871
0.651348387
0.662090323
0.668609677
0.681570968
0.694464516
0.711374194
0.729270968
0.743122581
0.760370968
0.779664516
0.795680645
0.8138
0.828519355
0.841180645
0.861670968
0.876490323
0.896925806
0.916609677
0.935680645
0.951970968
0.970154839
0.988174194
1.007703226
1.023974194
1.045196774
1.062654839
1.082812903
1.103806452
1.122693548
1.140019355
1.16093871
1.17863871
1.196916129
1.218025806
1.235574194
1.253109677
1.269948387
1.290541935
1.313293548
1.332887097
1.353064516
1.372912903
1.390541935
1.412377419
1.433809677
1.453241935
1.475774194
1.494354839
1.509470968
1.528712903
1.549909677
1.575912903
1.598716129
1.619045161
1.638380645
1.656109677
1.67703871
1.6949
1.714535484
1.737119355
1.759596774
1.784080645
1.810790323
1.836922581
1.858019355
1.88003871
1.901609677
1.923154839
1.941677419
1.957935484
1.977229032
1.996777419
2.018290323
2.043077419
2.063364516
2.081051613
2.100945161
2.119280645
2.139222581
2.165229032
2.185632258
2.207025806
2.223012903
2.239790323
2.256080645
2.274890323
2.2936
2.308741935
2.322941935
2.334474194
2.34416129
2.357435484
2.367467742
2.375016129
2.378283871
2.392370968
2.401787097
2.413641935
2.424529032
2.433745161
2.443419355
2.456754839
2.462154839
2.466187097
2.471483871
2.480229032
2.487390323
2.4933
2.500654839
2.50606129
2.508141935
2.515
2.520690323
2.529632258
2.534225806
2.537593548
2.539441935
2.539245161
2.537116129
2.54066129
2.544493548
2.548383871
2.548380645
2.550074194
2.554151613
2.565045161
2.565487097
2.565716129
2.568577419
2.567277419
2.565996774
2.564232258
2.556954839
2.553490323
2.551422581
2.549770968
2.54596129
2.547167742
2.542758065
2.5351
2.529709677
2.523751613
2.519406452
2.509
2.494322581
2.480532258
2.469316129
2.456645161
2.451622581
2.446903226
2.436803226
2.42476129
2.413377419
2.401783871
2.390487097
2.377422581
2.363303226
2.351958065
2.342416129
2.328296774
2.317225806
2.303954839
2.290367742
2.280283871
2.267632258
2.256606452
2.2413
2.22526129
2.207832258
2.192770968
2.180467742
2.164912903
2.15013871
2.132693548
2.12
2.103109677
2.083
2.061558065
2.041470968
2.017106452
1.994232258
1.971254839
1.952796774
1.934645161
1.912919355
1.889080645
1.863529032
1.837867742
1.815058065
1.790709677
1.762948387
1.736519355
1.70976129
1.683690323
1.65606129
1.633967742
1.60893871
1.583719355
1.55946129
1.531925806
1.503419355
1.477816129
1.456096774
1.431503226
1.405548387
1.378522581
1.351525806
1.330112903
1.308206452
1.288112903
1.265822581
1.244819355
1.226235484
1.205335484
1.181032258
1.162870968
1.145980645
1.127132258
1.1069
1.087551613
1.070767742
1.051648387
1.029996774
1.011106452
0.994283871
0.9752
0.952993548
0.932358065
0.913032258
0.895577419
0.878448387
0.8625
0.847222581
0.826780645
0.810019355
0.7942
0.776990323
0.7661
0.754454839
0.742777419
0.728045161
0.716258065
0.70216129
0.687135484
0.671767742
0.662535484
0.646887097
0.635009677
0.623435484
0.612909677
0.600687097
0.585435484
0.577741935
0.567409677
0.559096774
0.553225806
0.543770968
0.53703871
0.531409677
0.523974194
0.514296774
0.506848387
0.498287097
0.490232258
0.482887097
0.477841935
0.469670968
0.465241935
0.46043871
0.452829032
0.450006452
0.445493548
0.438425806
0.433822581
0.431245161
0.429412903
0.423425806
0.421974194
0.413612903
0.408474194
0.405370968
0.400748387
0.4
0.4
0.4
0.4
0.4
0.4
0.4
0.4
0.4
0.4
0.4
0.4
0.4
0.4
0.4
0.4
0.4
0.4
0.4
0.4
0.4
0.4
0.4
0.4
0.4
0.4
0.4
0.4
0.4
