:OC1 - TEST CATCHMENT- OC COMPONENT DATA SET: NT, NCATR, KONT, BIOWAT           
      1      3      1      F
:OC2 - TIMESTEP CONTROL (currently not used)                                    
 1.0000 99999.
:OC3 - OTHER PARAMETERS. SMIN,CDRS,TDC,TFC,DET. (SMIN & DET not used)           
 100.00 0   0.    0.0 99999.    0.0
    0.6    0.3    0.3
:OC14 STRX
     69 1111111111111111111111111111111111111111111122222211111111111
     68 1111111111111111111111111111111111111111111122222211111111111
     67 1111111111111111111111111111111111111111111122222211111111111
     66 1111111111111111111111111111111111111111111111111111111111111
     65 1111111111111111111111111111111122111111111111111111111111111
     64 1111111111111111111111111111111112221111111111111111111111111
     63 1111111111111111111111111111111112222222111111111111111111111
     62 1111111111111111111111111111111112222222211111111111111111111
     61 1111111111111111111111111111111111222222222111111111111111111
     60 1111111111111111111111111111111111122222222221111111111111111
     59 1111111111111111111111111111111111112222222222221111111111111
     58 1111111111111111111111111111111111112222222222221111111111111
     57 1111111111111111111111111111111111112222222222222211111111111
     56 1111111111111111111111111111111111112222222222211111111111111
     55 1111111111111111111111111111111111111222222222211111111111111
     54 1111111111111111111111111111111111111122222122222222222222222
     53 1111111111111111111111111111111111111122222112221121112222222
     52 1111111111111111111111111111111111111122222111111111111222222
     51 1111111111111111111111111111111111111122222222221111121122222
     50 1111111111111111111111111111111111111222222211111111112112222
     49 1111111111111111111111111111111111222222222222111111112222222
     48 1111111111111111111111111111111112222222222222111111112222222
     47 1111111111111111111111111111111111222222222221111111112222222
     46 2211111111111111111111111111111112222222211111111111111122222
     45 1111111111111111111111111111111122222222211121111111111111111
     44 1111111111111111111111111111111122112222211111111111111111111
     43 1111111111111111111111111111111221112222111111111111111111111
     42 1111111111111111111111111111111211112222111111111111111111111
     41 1111111111111111111111111111111111112222111111111111111111111
     40 1111111111111111111111111111111111112222111111111111111111111
     39 1111111111111111111111111111111111122222111111111111111111111
     38 1111111111111111111111111111111112222222211111111111111111111
     37 1111111111111111111111111111111112222222221111111111111111111
     36 1111111111111111111111111111111111122222222221111111111111111
     35 1111111111111111111111111111111111122222222222111111111111111
     34 1111111111111111111111111111111111222222222222111111111111111
     33 1111111111111111111111111111111111222222222222211111111111111
     32 1111111111111111111111111111111111222222222222211111111111111
     31 1111111111111111111111111111111111222222222222221111111111111
     30 1111111111111111111111111111111111222222222222222222211111111
     29 1111111111111111111111111111111112223322222222222222211111111
     28 1111111111111222111111111111111112233332222222222222211111111
     27 1111111111112222111111111111111112333333222222222222111111111
     26 3311111111112222111111111222122223333333222222222222111111111
     25 3333311311111222222222222222222223333333222222222111111111111
     24 3333111311112222222222222222222333322222222222221111111111111
     23 3333111111122222222222222222223333222222222222222221111111111
     22 3333311111111222222222222222222222222222222222222211111111111
     21 3331111111111122222222222222222222211122222222222221111111111
     20 3311111111111111111122222222222222211222222222222211111111111
     19 3311111111111111111111122222222222211122222222222211111111111
     18 3333311111111111111111122222222222211111222222222211111111111
     17 3333333311111111111111222222222222211111222222222111111111111
     16 3333331111111111111112222222222222222222222222222221111111111
     15 1113331111111111111112222222222222222222222222222222221111111
     14 1111111111111111111112222222222222222222222222222211111111111
     13 1111111111111111111122222222222222222222222222222211111111111
     12 1111111111111111111122222222222222222222222222222211111111111
     11 1111111111111111111111111112222222222222222222222211111111111
     10 1111111111111111111111111112222222222222222222222111111111111
      9 1111111111111111111111111111122222222222222222222111111122222
      8 1111111111111111111111111111122222222222222222211111222222222
      7 1111111111111112222211111111222222222222222221111111122222222
      6 1111111111111222222222111111222222222222222222111111222222222
      5 1111111111112222222222211111122222222222222222222112222222222
      4 1111111112222222222222221111122222222222222222222222222222222
      3 1111111112222222222222222111122222222222222222222222222222222
      2 1111111112222222222222222111222222222222222222222222222222222
      1 1111111112222222222222222111222222222222222222222222222222222
:OC17 STRY                                      
     69 1111111111111111111111111111111111111111111122222211111111111
     68 1111111111111111111111111111111111111111111122222211111111111
     67 1111111111111111111111111111111111111111111122222211111111111
     66 1111111111111111111111111111111111111111111111111111111111111
     65 1111111111111111111111111111111122111111111111111111111111111
     64 1111111111111111111111111111111112221111111111111111111111111
     63 1111111111111111111111111111111112222222111111111111111111111
     62 1111111111111111111111111111111112222222211111111111111111111
     61 1111111111111111111111111111111111222222222111111111111111111
     60 1111111111111111111111111111111111122222222221111111111111111
     59 1111111111111111111111111111111111112222222222221111111111111
     58 1111111111111111111111111111111111112222222222221111111111111
     57 1111111111111111111111111111111111112222222222222211111111111
     56 1111111111111111111111111111111111112222222222211111111111111
     55 1111111111111111111111111111111111111222222222211111111111111
     54 1111111111111111111111111111111111111122222122222222222222222
     53 1111111111111111111111111111111111111122222112221121112222222
     52 1111111111111111111111111111111111111122222111111111111222222
     51 1111111111111111111111111111111111111122222222221111121122222
     50 1111111111111111111111111111111111111222222211111111112112222
     49 1111111111111111111111111111111111222222222222111111112222222
     48 1111111111111111111111111111111112222222222222111111112222222
     47 1111111111111111111111111111111111222222222221111111112222222
     46 2211111111111111111111111111111112222222211111111111111122222
     45 1111111111111111111111111111111122222222211121111111111111111
     44 1111111111111111111111111111111122112222211111111111111111111
     43 1111111111111111111111111111111221112222111111111111111111111
     42 1111111111111111111111111111111211112222111111111111111111111
     41 1111111111111111111111111111111111112222111111111111111111111
     40 1111111111111111111111111111111111112222111111111111111111111
     39 1111111111111111111111111111111111122222111111111111111111111
     38 1111111111111111111111111111111112222222211111111111111111111
     37 1111111111111111111111111111111112222222221111111111111111111
     36 1111111111111111111111111111111111122222222221111111111111111
     35 1111111111111111111111111111111111122222222222111111111111111
     34 1111111111111111111111111111111111222222222222111111111111111
     33 1111111111111111111111111111111111222222222222211111111111111
     32 1111111111111111111111111111111111222222222222211111111111111
     31 1111111111111111111111111111111111222222222222221111111111111
     30 1111111111111111111111111111111111222222222222222222211111111
     29 1111111111111111111111111111111112223322222222222222211111111
     28 1111111111111222111111111111111112233332222222222222211111111
     27 1111111111112222111111111111111112333333222222222222111111111
     26 3311111111112222111111111222122223333333222222222222111111111
     25 3333311311111222222222222222222223333333222222222111111111111
     24 3333111311112222222222222222222333322222222222221111111111111
     23 3333111111122222222222222222223333222222222222222221111111111
     22 3333311111111222222222222222222222222222222222222211111111111
     21 3331111111111122222222222222222222211122222222222221111111111
     20 3311111111111111111122222222222222211222222222222211111111111
     19 3311111111111111111111122222222222211122222222222211111111111
     18 3333311111111111111111122222222222211111222222222211111111111
     17 3333333311111111111111222222222222211111222222222111111111111
     16 3333331111111111111112222222222222222222222222222221111111111
     15 1113331111111111111112222222222222222222222222222222221111111
     14 1111111111111111111112222222222222222222222222222211111111111
     13 1111111111111111111122222222222222222222222222222211111111111
     12 1111111111111111111122222222222222222222222222222211111111111
     11 1111111111111111111111111112222222222222222222222211111111111
     10 1111111111111111111111111112222222222222222222222111111111111
      9 1111111111111111111111111111122222222222222222222111111122222
      8 1111111111111111111111111111122222222222222222211111222222222
      7 1111111111111112222211111111222222222222222221111111122222222
      6 1111111111111222222222111111222222222222222222111111222222222
      5 1111111111112222222222211111122222222222222222222112222222222
      4 1111111112222222222222221111122222222222222222222222222222222
      3 1111111112222222222222222111122222222222222222222222222222222
      2 1111111112222222222222222111222222222222222222222222222222222
      1 1111111112222222222222222111222222222222222222222222222222222
:OC20 - HEAD AND FLUX BOUNDARY CONDITIONS: NOCHB, NOCFB, NOCPB                  
      0      0      0
:OC30 - NUMBER OF DEFAULT CHANNEL CROSS-SECTIONS                                
      0
:OC35 - CHANNEL LINK DATA(LINK NO.,BED ELEV.,DEPTH, STR. COEFF.,DEF X-S)        
      1 338.60    0.0 20.000      2
 1.2810    0.0 1.2810 2.0000
      2 345.58    0.0 20.000      2
 1.2240    0.0 1.2240 2.0000
      3 360.70    0.0 20.000      2
 0.9253    0.0 0.9253 2.0000
      4 377.95    0.0 20.000      2
 0.8447    0.0 0.8447 2.0000
      5 386.50    0.0 20.000      2
 0.7067    0.0 0.7067 2.0000
      6 398.52    0.0 20.000      2
 0.5342    0.0 0.5342 2.0000
      7 168.00    0.0 20.000      2
 13.262    0.0 13.262 2.0000
             4 10.000 0.7000 168.10 167.00
      8 324.75    0.0 20.000      2
 1.3355    0.0 1.3355 2.0000
      9 262.42    0.0 20.000      2
 0.5342    0.0 0.5342 2.0000
     10 222.36    0.0 20.000      2
 0.5973    0.0 0.5973 2.0000
     11 185.96    0.0 20.000      2
 0.6543    0.0 0.6543 2.0000
     12 176.98    0.0 20.000      2
 13.262    0.0 13.262 2.0000
     13 182.65    0.0 20.000      2
 0.7067    0.0 0.7067 2.0000
     14 197.30    0.0 20.000      2
 0.6543    0.0 0.6543 2.0000
     15 216.09    0.0 20.000      2
 0.5973    0.0 0.5973 2.0000
     16 238.84    0.0 20.000      2
 0.5342    0.0 0.5342 2.0000
     17 204.16    0.0 20.000      2
 0.6543    0.0 0.6543 2.0000
     18 169.00    0.0 20.000      2
 13.219    0.0 13.219 2.0000
     19 311.27    0.0 20.000      2
 1.5344    0.0 1.5344 2.0000
     20 338.92    0.0 20.000      2
 0.7555    0.0 0.7555 2.0000
     21 222.36    0.0 20.000      2
 0.5973    0.0 0.5973 2.0000
     22 304.92    0.0 20.000      2
 1.5802    0.0 1.5802 2.0000
     23 170.00    0.0 20.000      2
 13.181    0.0 13.181 2.0000
     24 295.82    0.0 20.000      2
 1.6248    0.0 1.6248 2.0000
     25 331.10    0.0 20.000      2
 0.7555    0.0 0.7555 2.0000
     26 284.94    0.0 20.000      2
 2.0342    0.0 2.0342 2.0000
     27 334.16    0.0 20.000      2
 0.7067    0.0 0.7067 2.0000
     28 343.33    0.0 20.000      2
 0.6543    0.0 0.6543 2.0000
     29 359.23    0.0 20.000      2
 0.5973    0.0 0.5973 2.0000
     30 381.76    0.0 20.000      2
 0.5342    0.0 0.5342 2.0000
     31 171.00    0.0 20.000      2
 13.148    0.0 13.148 2.0000
     32 268.67    0.0 20.000      2
 2.0862    0.0 2.0862 2.0000
     33 323.28    0.0 20.000      2
 1.1013    0.0 1.1013 2.0000
     34 332.60    0.0 20.000      2
 0.5342    0.0 0.5342 2.0000
     35 174.50    0.0 20.000      2
 13.148    0.0 13.148 2.0000
     36 174.41    0.0 20.000      2
 9.7741    0.0 9.7741 2.0000
     37 185.25    0.0 20.000      2
 9.7668    0.0 9.7668 2.0000
     38 190.35    0.0 20.000      2
 9.7412    0.0 9.7412 2.0000
     39 195.46    0.0 20.000      2
 2.2348    0.0 2.2348 2.0000
     40 216.52    0.0 20.000      2
 2.1864    0.0 2.1864 2.0000
     41 231.53    0.0 20.000      2
 2.1700    0.0 2.1700 2.0000
     42 244.22    0.0 20.000      2
 2.1201    0.0 2.1201 2.0000
     43 266.63    0.0 20.000      2
 2.0342    0.0 2.0342 2.0000
     44 289.05    0.0 20.000      2
 1.1643    0.0 1.1643 2.0000
     45 298.94    0.0 20.000      2
 1.1332    0.0 1.1332 2.0000
     46 312.39    0.0 20.000      2
 1.1013    0.0 1.1013 2.0000
     47 301.37    0.0 20.000      2
 0.8013    0.0 0.8013 2.0000
     48 178.00    0.0 20.000      2
 8.7659    0.0 8.7659 2.0000
     49 186.25    0.0 20.000      2
 9.7595    0.0 9.7595 2.0000
     50 245.11    0.0 20.000      2
 2.1201    0.0 2.1201 2.0000
     51 313.39    0.0 20.000      2
 0.8447    0.0 0.8447 2.0000
     52 359.29    0.0 20.000      2
 0.5973    0.0 0.5973 2.0000
     53 335.05    0.0 20.000      2
 0.8447    0.0 0.8447 2.0000
     54 187.25    0.0 20.000      2
 9.7412    0.0 9.7412 2.0000
     55 319.94    0.0 20.000      2
 0.8013    0.0 0.8013 2.0000
     56 332.98    0.0 20.000      2
 0.7555    0.0 0.7555 2.0000
     57 348.94    0.0 20.000      2
 0.7067    0.0 0.7067 2.0000
     58 369.28    0.0 20.000      2
 0.6543    0.0 0.6543 2.0000
     59 383.34    0.0 20.000      2
 0.5973    0.0 0.5973 2.0000
     60 393.86    0.0 20.000      2
 0.5342    0.0 0.5342 2.0000
     61 392.97    0.0 20.000      2
 0.5342    0.0 0.5342 2.0000
     62 320.81    0.0 20.000      2
 0.9994    0.0 0.9994 2.0000
     63 282.48    0.0 20.000      2
 0.8859    0.0 0.8859 2.0000
     64 179.00    0.0 20.000      2
 8.7496    0.0 8.7496 2.0000
     65 188.25    0.0 20.000      2
 9.4739    0.0 9.4739 2.0000
     66 246.00    0.0 20.000      2
 1.4134    0.0 1.4134 2.0000
     67 341.04    0.0 20.000      2
 0.7555    0.0 0.7555 2.0000
     68 376.31    0.0 20.000      2
 0.6543    0.0 0.6543 2.0000
     69 304.66    0.0 20.000      2
 1.0684    0.0 1.0684 2.0000
     70 284.07    0.0 20.000      2
 1.1013    0.0 1.1013 2.0000
     71 263.60    0.0 20.000      2
 1.4630    0.0 1.4630 2.0000
     72 189.25    0.0 20.000      2
 9.4626    0.0 9.4626 2.0000
     73 248.95    0.0 20.000      2
 1.3355    0.0 1.3355 2.0000
     74 265.63    0.0 20.000      2
 1.3086    0.0 1.3086 2.0000
     75 294.74    0.0 20.000      2
 0.8859    0.0 0.8859 2.0000
     76 349.10    0.0 20.000      2
 0.7067    0.0 0.7067 2.0000
     77 383.34    0.0 20.000      2
 0.5973    0.0 0.5973 2.0000
     78 343.53    0.0 20.000      2
 0.8447    0.0 0.8447 2.0000
     79 248.87    0.0 20.000      2
 1.5802    0.0 1.5802 2.0000
     80 180.00    0.0 20.000      2
 8.7374    0.0 8.7374 2.0000
     81 200.51    0.0 20.000      2
 9.4513    0.0 9.4513 2.0000
     82 342.53    0.0 20.000      2
 0.9253    0.0 0.9253 2.0000
     83 235.95    0.0 20.000      2
 1.6681    0.0 1.6681 2.0000
     84 181.00    0.0 20.000      2
 8.7128    0.0 8.7128 2.0000
     85 201.51    0.0 20.000      2
 9.4437    0.0 9.4437 2.0000
     86 306.21    0.0 20.000      2
 1.0345    0.0 1.0345 2.0000
     87 223.35    0.0 20.000      2
 1.7718    0.0 1.7718 2.0000
     88 182.00    0.0 20.000      2
 8.7005    0.0 8.7005 2.0000
     89 202.51    0.0 20.000      2
 9.4362    0.0 9.4362 2.0000
     90 206.20    0.0 20.000      2
 1.8887    0.0 1.8887 2.0000
     91 276.82    0.0 20.000      2
 1.1643    0.0 1.1643 2.0000
     92 309.02    0.0 20.000      2
 0.8013    0.0 0.8013 2.0000
     93 303.75    0.0 20.000      2
 1.1945    0.0 1.1945 2.0000
     94 183.00    0.0 20.000      2
 8.6718    0.0 8.6718 2.0000
     95 203.51    0.0 20.000      2
 9.4210    0.0 9.4210 2.0000
     96 204.86    0.0 20.000      2
 2.3590    0.0 2.3590 2.0000
     97 390.08    0.0 20.000      2
 0.5342    0.0 0.5342 2.0000
     98 388.81    0.0 20.000      2
 0.5342    0.0 0.5342 2.0000
     99 277.54    0.0 20.000      2
 1.2810    0.0 1.2810 2.0000
    100 207.34    0.0 20.000      2
 1.8698    0.0 1.8698 2.0000
    101 184.00    0.0 20.000      2
 8.6553    0.0 8.6553 2.0000
    102 204.51    0.0 20.000      2
 9.2220    0.0 9.2220 2.0000
    103 276.27    0.0 20.000      2
 2.3286    0.0 2.3286 2.0000
    104 301.11    0.0 20.000      2
 2.2822    0.0 2.2822 2.0000
    105 379.56    0.0 20.000      2
 0.5973    0.0 0.5973 2.0000
    106 408.00    0.0 20.000      2
 0.5973    0.0 0.5973 2.0000
    107 266.82    0.0 20.000      2
 1.3879    0.0 1.3879 2.0000
    108 196.76    0.0 20.000      2
 1.9446    0.0 1.9446 2.0000
    109 192.38    0.0 20.000      2
 8.5056    0.0 8.5056 2.0000
    110 188.00    0.0 20.000      2
 8.5642    0.0 8.5642 2.0000
    111 185.00    0.0 20.000      2
 8.6347    0.0 8.6347 2.0000
    112 194.87    0.0 20.000      2
 8.6553    0.0 8.6553 2.0000
    113 226.25    0.0 20.000      2
 2.3590    0.0 2.3590 2.0000
    114 248.00    0.0 20.000      2
 2.3439    0.0 2.3439 2.0000
    115 275.73    0.0 20.000      2
 2.3286    0.0 2.3286 2.0000
    116 278.88    0.0 20.000      2
 2.3132    0.0 2.3132 2.0000
    117 293.20    0.0 20.000      2
 2.2822    0.0 2.2822 2.0000
    118 315.23    0.0 20.000      2
 2.2507    0.0 2.2507 2.0000
    119 398.91    0.0 20.000      2
 0.9994    0.0 0.9994 2.0000
    120 357.86    0.0 20.000      2
 0.5973    0.0 0.5973 2.0000
    121 368.62    0.0 20.000      2
 0.5973    0.0 0.5973 2.0000
    122 260.92    0.0 20.000      2
 1.4630    0.0 1.4630 2.0000
    123 189.00    0.0 20.000      2
 8.5224    0.0 8.5224 2.0000
    124 205.75    0.0 20.000      2
 0.5342    0.0 0.5342 2.0000
    125 205.51    0.0 20.000      2
 8.9072    0.0 8.9072 2.0000
    126 339.00    0.0 20.000      2
 2.1700    0.0 2.1700 2.0000
    127 373.78    0.0 20.000      2
 2.0690    0.0 2.0690 2.0000
    128 394.14    0.0 20.000      2
 1.0684    0.0 1.0684 2.0000
    129 345.74    0.0 20.000      2
 0.9631    0.0 0.9631 2.0000
    130 354.74    0.0 20.000      2
 0.6543    0.0 0.6543 2.0000
    131 190.00    0.0 20.000      2
 8.5056    0.0 8.5056 2.0000
    132 195.95    0.0 20.000      2
 8.5224    0.0 8.5224 2.0000
    133 352.13    0.0 20.000      2
 2.1535    0.0 2.1535 2.0000
    134 357.84    0.0 20.000      2
 2.1369    0.0 2.1369 2.0000
    135 358.84    0.0 20.000      2
 2.1032    0.0 2.1032 2.0000
    136 368.00    0.0 20.000      2
 2.0690    0.0 2.0690 2.0000
    137 369.77    0.0 20.000      2
 2.0166    0.0 2.0166 2.0000
    138 414.12    0.0 20.000      2
 0.5342    0.0 0.5342 2.0000
    139 336.75    0.0 20.000      2
 0.9631    0.0 0.9631 2.0000
    140 248.00    0.0 20.000      2
 1.5802    0.0 1.5802 2.0000
    141 192.46    0.0 20.000      2
 8.2717    0.0 8.2717 2.0000
    142 202.90    0.0 20.000      2
 0.9994    0.0 0.9994 2.0000
    143 206.51    0.0 20.000      2
 8.8751    0.0 8.8751 2.0000
    144 251.60    0.0 20.000      2
 0.5973    0.0 0.5973 2.0000
    145 380.09    0.0 20.000      2
 1.5110    0.0 1.5110 2.0000
    146 391.07    0.0 20.000      2
 1.3620    0.0 1.3620 2.0000
    147 408.28    0.0 20.000      2
 0.6543    0.0 0.6543 2.0000
    148 337.37    0.0 20.000      2
 0.5973    0.0 0.5973 2.0000
    149 328.34    0.0 20.000      2
 0.6543    0.0 0.6543 2.0000
    150 193.46    0.0 20.000      2
 8.2631    0.0 8.2631 2.0000
    151 216.64    0.0 20.000      2
 0.9994    0.0 0.9994 2.0000
    152 230.38    0.0 20.000      2
 0.6543    0.0 0.6543 2.0000
    153 207.51    0.0 20.000      2
 8.8348    0.0 8.8348 2.0000
    154 229.55    0.0 20.000      2
 0.7067    0.0 0.7067 2.0000
    155 382.57    0.0 20.000      2
 1.4630    0.0 1.4630 2.0000
    156 388.00    0.0 20.000      2
 1.3620    0.0 1.3620 2.0000
    157 398.00    0.0 20.000      2
 1.1332    0.0 1.1332 2.0000
    158 403.71    0.0 20.000      2
 0.9994    0.0 0.9994 2.0000
    159 407.28    0.0 20.000      2
 0.7555    0.0 0.7555 2.0000
    160 319.32    0.0 20.000      2
 0.9994    0.0 0.9994 2.0000
    161 234.32    0.0 20.000      2
 1.6466    0.0 1.6466 2.0000
    162 198.00    0.0 20.000      2
 8.2458    0.0 8.2458 2.0000
    163 221.95    0.0 20.000      2
 0.9631    0.0 0.9631 2.0000
    164 208.51    0.0 20.000      2
 8.8065    0.0 8.8065 2.0000
    165 312.00    0.0 20.000      2
 0.5973    0.0 0.5973 2.0000
    166 401.86    0.0 20.000      2
 1.1332    0.0 1.1332 2.0000
    167 242.10    0.0 20.000      2
 0.5342    0.0 0.5342 2.0000
    168 225.31    0.0 20.000      2
 8.8065    0.0 8.8065 2.0000
    169 327.99    0.0 20.000      2
 0.7555    0.0 0.7555 2.0000
    170 302.51    0.0 20.000      2
 1.0345    0.0 1.0345 2.0000
    171 229.64    0.0 20.000      2
 1.6681    0.0 1.6681 2.0000
    172 199.00    0.0 20.000      2
 8.2328    0.0 8.2328 2.0000
    173 245.10    0.0 20.000      2
 0.5973    0.0 0.5973 2.0000
    174 209.51    0.0 20.000      2
 8.7700    0.0 8.7700 2.0000
    175 300.54    0.0 20.000      2
 0.6543    0.0 0.6543 2.0000
    176 405.72    0.0 20.000      2
 0.5342    0.0 0.5342 2.0000
    177 282.42    0.0 20.000      2
 1.0684    0.0 1.0684 2.0000
    178 200.28    0.0 20.000      2
 8.1807    0.0 8.1807 2.0000
    179 346.09    0.0 20.000      2
 0.5342    0.0 0.5342 2.0000
    180 343.27    0.0 20.000      2
 0.5342    0.0 0.5342 2.0000
    181 309.34    0.0 20.000      2
 0.8859    0.0 0.8859 2.0000
    182 281.42    0.0 20.000      2
 1.3355    0.0 1.3355 2.0000
    183 266.27    0.0 20.000      2
 0.5342    0.0 0.5342 2.0000
    184 219.62    0.0 20.000      2
 7.5644    0.0 7.5644 2.0000
    185 201.28    0.0 20.000      2
 8.1720    0.0 8.1720 2.0000
    186 258.90    0.0 20.000      2
 0.5342    0.0 0.5342 2.0000
    187 210.51    0.0 20.000      2
 8.7333    0.0 8.7333 2.0000
    188 211.51    0.0 20.000      2
 1.0684    0.0 1.0684 2.0000
    189 279.86    0.0 20.000      2
 0.9994    0.0 0.9994 2.0000
    190 321.81    0.0 20.000      2
 0.5973    0.0 0.5973 2.0000
    191 329.82    0.0 20.000      2
 0.7067    0.0 0.7067 2.0000
    192 310.92    0.0 20.000      2
 0.8447    0.0 0.8447 2.0000
    193 290.70    0.0 20.000      2
 0.8859    0.0 0.8859 2.0000
    194 264.88    0.0 20.000      2
 1.4134    0.0 1.4134 2.0000
    195 209.60    0.0 20.000      2
 7.5644    0.0 7.5644 2.0000
    196 208.00    0.0 20.000      2
 7.6020    0.0 7.6020 2.0000
    197 203.28    0.0 20.000      2
 7.8423    0.0 7.8423 2.0000
    198 202.28    0.0 20.000      2
 7.8740    0.0 7.8740 2.0000
    199 207.07    0.0 20.000      2
 8.1720    0.0 8.1720 2.0000
    200 212.85    0.0 20.000      2
 0.8013    0.0 0.8013 2.0000
    201 297.84    0.0 20.000      2
 0.5342    0.0 0.5342 2.0000
    202 253.48    0.0 20.000      2
 0.5973    0.0 0.5973 2.0000
    203 231.99    0.0 20.000      2
 8.7333    0.0 8.7333 2.0000
    204 211.01    0.0 20.000      2
 8.5933    0.0 8.5933 2.0000
    205 239.06    0.0 20.000      2
 1.4134    0.0 1.4134 2.0000
    206 227.31    0.0 20.000      2
 1.2240    0.0 1.2240 2.0000
    207 245.22    0.0 20.000      2
 6.6937    0.0 6.6937 2.0000
    208 210.60    0.0 20.000      2
 7.3588    0.0 7.3588 2.0000
    209 211.77    0.0 20.000      2
 2.1535    0.0 2.1535 2.0000
    210 211.51    0.0 20.000      2
 8.6388    0.0 8.6388 2.0000
    211 267.01    0.0 20.000      2
 1.1013    0.0 1.1013 2.0000
    212 316.66    0.0 20.000      2
 1.0345    0.0 1.0345 2.0000
    213 225.74    0.0 20.000      2
 6.5264    0.0 6.5264 2.0000
    214 224.16    0.0 20.000      2
 6.6937    0.0 6.6937 2.0000
    215 221.85    0.0 20.000      2
 6.7256    0.0 6.7256 2.0000
    216 218.00    0.0 20.000      2
 6.7574    0.0 6.7574 2.0000
    217 212.60    0.0 20.000      2
 6.7837    0.0 6.7837 2.0000
    218 211.60    0.0 20.000      2
 7.3491    0.0 7.3491 2.0000
    219 219.15    0.0 20.000      2
 8.5933    0.0 8.5933 2.0000
    220 226.80    0.0 20.000      2
 1.1332    0.0 1.1332 2.0000
    221 254.16    0.0 20.000      2
 1.1013    0.0 1.1013 2.0000
    222 283.38    0.0 20.000      2
 1.0684    0.0 1.0684 2.0000
    223 311.52    0.0 20.000      2
 1.0345    0.0 1.0345 2.0000
    224 337.28    0.0 20.000      2
 0.7067    0.0 0.7067 2.0000
    225 360.78    0.0 20.000      2
 0.6543    0.0 0.6543 2.0000
    226 380.99    0.0 20.000      2
 0.5973    0.0 0.5973 2.0000
    227 394.15    0.0 20.000      2
 0.5342    0.0 0.5342 2.0000
    228 292.56    0.0 20.000      2
 0.7555    0.0 0.7555 2.0000
    229 234.03    0.0 20.000      2
 6.4990    0.0 6.4990 2.0000
    230 225.16    0.0 20.000      2
 6.5428    0.0 6.5428 2.0000
    231 219.04    0.0 20.000      2
 2.8015    0.0 2.8015 2.0000
    232 222.26    0.0 20.000      2
 2.1369    0.0 2.1369 2.0000
    233 247.56    0.0 20.000      2
 0.5973    0.0 0.5973 2.0000
    234 213.01    0.0 20.000      2
 8.5098    0.0 8.5098 2.0000
    235 348.49    0.0 20.000      2
 0.7067    0.0 0.7067 2.0000
    236 264.57    0.0 20.000      2
 1.0345    0.0 1.0345 2.0000
    237 248.77    0.0 20.000      2
 6.2357    0.0 6.2357 2.0000
    238 232.97    0.0 20.000      2
 6.4328    0.0 6.4328 2.0000
    239 229.00    0.0 20.000      2
 6.4990    0.0 6.4990 2.0000
    240 228.00    0.0 20.000      2
 6.5100    0.0 6.5100 2.0000
    241 227.00    0.0 20.000      2
 6.5264    0.0 6.5264 2.0000
    242 223.26    0.0 20.000      2
 1.8312    0.0 1.8312 2.0000
    243 229.86    0.0 20.000      2
 2.1369    0.0 2.1369 2.0000
    244 237.45    0.0 20.000      2
 2.0342    0.0 2.0342 2.0000
    245 242.51    0.0 20.000      2
 1.7918    0.0 1.7918 2.0000
    246 359.70    0.0 20.000      2
 0.6543    0.0 0.6543 2.0000
    247 233.97    0.0 20.000      2
 6.2586    0.0 6.2586 2.0000
    248 226.49    0.0 20.000      2
 2.7887    0.0 2.7887 2.0000
    249 238.49    0.0 20.000      2
 1.8116    0.0 1.8116 2.0000
    250 239.96    0.0 20.000      2
 1.9075    0.0 1.9075 2.0000
    251 214.01    0.0 20.000      2
 8.4930    0.0 8.4930 2.0000
    252 242.17    0.0 20.000      2
 6.2357    0.0 6.2357 2.0000
    253 249.11    0.0 20.000      2
 1.7918    0.0 1.7918 2.0000
    254 257.72    0.0 20.000      2
 1.4630    0.0 1.4630 2.0000
    255 264.52    0.0 20.000      2
 1.3086    0.0 1.3086 2.0000
    256 278.90    0.0 20.000      2
 0.5973    0.0 0.5973 2.0000
    257 290.62    0.0 20.000      2
 0.5342    0.0 0.5342 2.0000
    258 262.66    0.0 20.000      2
 0.8447    0.0 0.8447 2.0000
    259 331.40    0.0 20.000      2
 0.7555    0.0 0.7555 2.0000
    260 384.97    0.0 20.000      2
 0.5342    0.0 0.5342 2.0000
    261 243.17    0.0 20.000      2
 6.1377    0.0 6.1377 2.0000
    262 257.93    0.0 20.000      2
 2.7370    0.0 2.7370 2.0000
    263 248.54    0.0 20.000      2
 1.7918    0.0 1.7918 2.0000
    264 260.81    0.0 20.000      2
 1.6027    0.0 1.6027 2.0000
    265 266.95    0.0 20.000      2
 1.3086    0.0 1.3086 2.0000
    266 215.01    0.0 20.000      2
 8.4213    0.0 8.4213 2.0000
    267 241.96    0.0 20.000      2
 0.8859    0.0 0.8859 2.0000
    268 314.95    0.0 20.000      2
 0.8013    0.0 0.8013 2.0000
    269 372.08    0.0 20.000      2
 0.5973    0.0 0.5973 2.0000
    270 258.93    0.0 20.000      2
 2.7109    0.0 2.7109 2.0000
    271 218.14    0.0 20.000      2
 8.4213    0.0 8.4213 2.0000
    272 221.26    0.0 20.000      2
 1.0345    0.0 1.0345 2.0000
    273 253.26    0.0 20.000      2
 0.9994    0.0 0.9994 2.0000
    274 298.50    0.0 20.000      2
 0.9631    0.0 0.9631 2.0000
    275 324.20    0.0 20.000      2
 0.9253    0.0 0.9253 2.0000
    276 341.86    0.0 20.000      2
 0.8859    0.0 0.8859 2.0000
    277 359.15    0.0 20.000      2
 0.8447    0.0 0.8447 2.0000
    278 370.54    0.0 20.000      2
 0.8013    0.0 0.8013 2.0000
    279 244.17    0.0 20.000      2
 6.1086    0.0 6.1086 2.0000
    280 259.93    0.0 20.000      2
 2.6711    0.0 2.6711 2.0000
    281 263.89    0.0 20.000      2
 1.7515    0.0 1.7515 2.0000
    282 272.52    0.0 20.000      2
 0.5342    0.0 0.5342 2.0000
    283 269.39    0.0 20.000      2
 1.1945    0.0 1.1945 2.0000
    284 302.72    0.0 20.000      2
 0.6543    0.0 0.6543 2.0000
    285 216.01    0.0 20.000      2
 8.3576    0.0 8.3576 2.0000
    286 260.93    0.0 20.000      2
 2.4626    0.0 2.4626 2.0000
    287 295.77    0.0 20.000      2
 0.6543    0.0 0.6543 2.0000
    288 279.83    0.0 20.000      2
 1.7515    0.0 1.7515 2.0000
    289 278.00    0.0 20.000      2
 1.0345    0.0 1.0345 2.0000
    290 390.47    0.0 20.000      2
 0.7067    0.0 0.7067 2.0000
    291 401.69    0.0 20.000      2
 0.6543    0.0 0.6543 2.0000
    292 410.74    0.0 20.000      2
 0.5973    0.0 0.5973 2.0000
    293 245.17    0.0 20.000      2
 6.0558    0.0 6.0558 2.0000
    294 263.79    0.0 20.000      2
 2.4188    0.0 2.4188 2.0000
    295 290.49    0.0 20.000      2
 1.7103    0.0 1.7103 2.0000
    296 288.22    0.0 20.000      2
 0.6543    0.0 0.6543 2.0000
    297 298.00    0.0 20.000      2
 0.7067    0.0 0.7067 2.0000
    298 217.01    0.0 20.000      2
 8.2674    0.0 8.2674 2.0000
    299 378.57    0.0 20.000      2
 0.7555    0.0 0.7555 2.0000
    300 278.93    0.0 20.000      2
 2.4188    0.0 2.4188 2.0000
    301 360.94    0.0 20.000      2
 0.8859    0.0 0.8859 2.0000
    302 253.72    0.0 20.000      2
 6.0025    0.0 6.0025 2.0000
    303 277.29    0.0 20.000      2
 2.3590    0.0 2.3590 2.0000
    304 294.06    0.0 20.000      2
 0.8859    0.0 0.8859 2.0000
    305 308.30    0.0 20.000      2
 1.5344    0.0 1.5344 2.0000
    306 297.00    0.0 20.000      2
 0.8013    0.0 0.8013 2.0000
    307 218.01    0.0 20.000      2
 8.2415    0.0 8.2415 2.0000
    308 333.60    0.0 20.000      2
 0.9631    0.0 0.9631 2.0000
    309 296.39    0.0 20.000      2
 0.8013    0.0 0.8013 2.0000
    310 286.84    0.0 20.000      2
 2.3590    0.0 2.3590 2.0000
    311 289.95    0.0 20.000      2
 0.8859    0.0 0.8859 2.0000
    312 219.01    0.0 20.000      2
 7.6768    0.0 7.6768 2.0000
    313 218.51    0.0 20.000      2
 8.2415    0.0 8.2415 2.0000
    314 219.01    0.0 20.000      2
 2.9503    0.0 2.9503 2.0000
    315 229.38    0.0 20.000      2
 2.8768    0.0 2.8768 2.0000
    316 248.00    0.0 20.000      2
 2.8394    0.0 2.8394 2.0000
    317 261.25    0.0 20.000      2
 2.7887    0.0 2.7887 2.0000
    318 283.50    0.0 20.000      2
 2.7240    0.0 2.7240 2.0000
    319 255.00    0.0 20.000      2
 5.8276    0.0 5.8276 2.0000
    320 312.17    0.0 20.000      2
 0.6543    0.0 0.6543 2.0000
    321 288.00    0.0 20.000      2
 2.1864    0.0 2.1864 2.0000
    322 333.63    0.0 20.000      2
 1.4872    0.0 1.4872 2.0000
    323 283.45    0.0 20.000      2
 0.9994    0.0 0.9994 2.0000
    324 222.19    0.0 20.000      2
 7.6535    0.0 7.6535 2.0000
    325 291.17    0.0 20.000      2
 2.6711    0.0 2.6711 2.0000
    326 315.40    0.0 20.000      2
 2.5340    0.0 2.5340 2.0000
    327 274.11    0.0 20.000      2
 1.1013    0.0 1.1013 2.0000
    328 264.55    0.0 20.000      2
 1.1643    0.0 1.1643 2.0000
    329 299.32    0.0 20.000      2
 1.9809    0.0 1.9809 2.0000
    330 310.64    0.0 20.000      2
 0.8013    0.0 0.8013 2.0000
    331 333.21    0.0 20.000      2
 0.7067    0.0 0.7067 2.0000
    332 341.33    0.0 20.000      2
 0.5342    0.0 0.5342 2.0000
    333 343.95    0.0 20.000      2
 1.3620    0.0 1.3620 2.0000
    334 270.35    0.0 20.000      2
 1.1643    0.0 1.1643 2.0000
    335 256.58    0.0 20.000      2
 1.1945    0.0 1.1945 2.0000
    336 239.88    0.0 20.000      2
 7.6114    0.0 7.6114 2.0000
    337 223.19    0.0 20.000      2
 7.6442    0.0 7.6442 2.0000
    338 292.17    0.0 20.000      2
 2.5897    0.0 2.5897 2.0000
    339 297.19    0.0 20.000      2
 2.5340    0.0 2.5340 2.0000
    340 337.82    0.0 20.000      2
 1.9075    0.0 1.9075 2.0000
    341 378.44    0.0 20.000      2
 0.5342    0.0 0.5342 2.0000
    342 311.22    0.0 20.000      2
 0.9253    0.0 0.9253 2.0000
    343 268.31    0.0 20.000      2
 5.8092    0.0 5.8092 2.0000
    344 298.00    0.0 20.000      2
 2.1369    0.0 2.1369 2.0000
    345 353.17    0.0 20.000      2
 1.3086    0.0 1.3086 2.0000
    346 270.82    0.0 20.000      2
 1.1643    0.0 1.1643 2.0000
    347 224.19    0.0 20.000      2
 7.6301    0.0 7.6301 2.0000
    348 315.21    0.0 20.000      2
 2.2188    0.0 2.2188 2.0000
    349 362.80    0.0 20.000      2
 0.5342    0.0 0.5342 2.0000
    350 341.41    0.0 20.000      2
 0.5973    0.0 0.5973 2.0000
    351 325.01    0.0 20.000      2
 0.8859    0.0 0.8859 2.0000
    352 328.00    0.0 20.000      2
 1.9809    0.0 1.9809 2.0000
    353 364.20    0.0 20.000      2
 1.1643    0.0 1.1643 2.0000
    354 225.19    0.0 20.000      2
 7.6114    0.0 7.6114 2.0000
    355 227.44    0.0 20.000      2
 7.6301    0.0 7.6301 2.0000
    356 351.31    0.0 20.000      2
 1.9075    0.0 1.9075 2.0000
    357 269.31    0.0 20.000      2
 5.7908    0.0 5.7908 2.0000
    358 329.00    0.0 20.000      2
 1.9628    0.0 1.9628 2.0000
    359 371.60    0.0 20.000      2
 1.1013    0.0 1.1013 2.0000
    360 271.29    0.0 20.000      2
 0.6543    0.0 0.6543 2.0000
    361 226.19    0.0 20.000      2
 7.5076    0.0 7.5076 2.0000
    362 230.70    0.0 20.000      2
 0.6543    0.0 0.6543 2.0000
    363 352.31    0.0 20.000      2
 1.7918    0.0 1.7918 2.0000
    364 287.84    0.0 20.000      2
 0.5342    0.0 0.5342 2.0000
    365 271.43    0.0 20.000      2
 0.5973    0.0 0.5973 2.0000
    366 255.02    0.0 20.000      2
 0.5973    0.0 0.5973 2.0000
    367 281.13    0.0 20.000      2
 0.5342    0.0 0.5342 2.0000
    368 408.81    0.0 20.000      2
 0.6543    0.0 0.6543 2.0000
    369 416.75    0.0 20.000      2
 0.5973    0.0 0.5973 2.0000
    370 425.37    0.0 20.000      2
 0.5342    0.0 0.5342 2.0000
    371 278.00    0.0 20.000      2
 5.7599    0.0 5.7599 2.0000
    372 338.31    0.0 20.000      2
 1.9261    0.0 1.9261 2.0000
    373 378.77    0.0 20.000      2
 0.9253    0.0 0.9253 2.0000
    374 227.19    0.0 20.000      2
 7.4647    0.0 7.4647 2.0000
    375 372.41    0.0 20.000      2
 1.6681    0.0 1.6681 2.0000
    376 403.57    0.0 20.000      2
 1.3355    0.0 1.3355 2.0000
    377 343.58    0.0 20.000      2
 0.8447    0.0 0.8447 2.0000
    378 333.55    0.0 20.000      2
 0.8859    0.0 0.8859 2.0000
    379 305.77    0.0 20.000      2
 5.5582    0.0 5.5582 2.0000
    380 294.23    0.0 20.000      2
 5.7599    0.0 5.7599 2.0000
    381 310.46    0.0 20.000      2
 0.9631    0.0 0.9631 2.0000
    382 330.04    0.0 20.000      2
 0.9253    0.0 0.9253 2.0000
    383 339.31    0.0 20.000      2
 1.8312    0.0 1.8312 2.0000
    384 385.70    0.0 20.000      2
 0.7067    0.0 0.7067 2.0000
    385 391.68    0.0 20.000      2
 0.5342    0.0 0.5342 2.0000
    386 381.31    0.0 20.000      2
 1.0345    0.0 1.0345 2.0000
    387 376.86    0.0 20.000      2
 1.6681    0.0 1.6681 2.0000
    388 391.95    0.0 20.000      2
 1.5110    0.0 1.5110 2.0000
    389 398.33    0.0 20.000      2
 1.3355    0.0 1.3355 2.0000
    390 352.95    0.0 20.000      2
 0.5973    0.0 0.5973 2.0000
    391 297.25    0.0 20.000      2
 5.5838    0.0 5.5838 2.0000
    392 342.24    0.0 20.000      2
 0.8447    0.0 0.8447 2.0000
    393 348.89    0.0 20.000      2
 1.7918    0.0 1.7918 2.0000
    394 228.19    0.0 20.000      2
 7.3879    0.0 7.3879 2.0000
    395 395.30    0.0 20.000      2
 0.9994    0.0 0.9994 2.0000
    396 392.37    0.0 20.000      2
 0.5973    0.0 0.5973 2.0000
    397 410.65    0.0 20.000      2
 1.1013    0.0 1.1013 2.0000
    398 360.15    0.0 20.000      2
 0.5342    0.0 0.5342 2.0000
    399 344.46    0.0 20.000      2
 0.7555    0.0 0.7555 2.0000
    400 353.47    0.0 20.000      2
 0.5342    0.0 0.5342 2.0000
    401 349.89    0.0 20.000      2
 1.7311    0.0 1.7311 2.0000
    402 280.42    0.0 20.000      2
 0.5342    0.0 0.5342 2.0000
    403 254.16    0.0 20.000      2
 0.5973    0.0 0.5973 2.0000
    404 241.67    0.0 20.000      2
 7.0215    0.0 7.0215 2.0000
    405 229.19    0.0 20.000      2
 7.0872    0.0 7.0872 2.0000
    406 233.26    0.0 20.000      2
 7.3879    0.0 7.3879 2.0000
    407 311.56    0.0 20.000      2
 5.5453    0.0 5.5453 2.0000
    408 358.66    0.0 20.000      2
 1.6681    0.0 1.6681 2.0000
    409 230.19    0.0 20.000      2
 7.0468    0.0 7.0468 2.0000
    410 238.33    0.0 20.000      2
 1.7918    0.0 1.7918 2.0000
    411 282.57    0.0 20.000      2
 0.5973    0.0 0.5973 2.0000
    412 408.00    0.0 20.000      2
 0.9253    0.0 0.9253 2.0000
    413 412.32    0.0 20.000      2
 0.5342    0.0 0.5342 2.0000
    414 421.48    0.0 20.000      2
 0.8013    0.0 0.8013 2.0000
    415 342.53    0.0 20.000      2
 3.3255    0.0 3.3255 2.0000
    416 327.05    0.0 20.000      2
 5.5453    0.0 5.5453 2.0000
    417 359.66    0.0 20.000      2
 1.4384    0.0 1.4384 2.0000
    418 231.19    0.0 20.000      2
 7.0215    0.0 7.0215 2.0000
    419 371.03    0.0 20.000      2
 0.5342    0.0 0.5342 2.0000
    420 318.60    0.0 20.000      2
 5.4936    0.0 5.4936 2.0000
    421 362.51    0.0 20.000      2
 1.3620    0.0 1.3620 2.0000
    422 232.19    0.0 20.000      2
 6.9858    0.0 6.9858 2.0000
    423 247.83    0.0 20.000      2
 1.7718    0.0 1.7718 2.0000
    424 281.82    0.0 20.000      2
 0.7555    0.0 0.7555 2.0000
    425 342.05    0.0 20.000      2
 0.5973    0.0 0.5973 2.0000
    426 417.03    0.0 20.000      2
 0.8447    0.0 0.8447 2.0000
    427 434.20    0.0 20.000      2
 0.7067    0.0 0.7067 2.0000
    428 375.04    0.0 20.000      2
 0.5342    0.0 0.5342 2.0000
    429 360.79    0.0 20.000      2
 0.9253    0.0 0.9253 2.0000
    430 351.66    0.0 20.000      2
 3.2164    0.0 3.2164 2.0000
    431 342.53    0.0 20.000      2
 3.3255    0.0 3.3255 2.0000
    432 330.57    0.0 20.000      2
 5.4936    0.0 5.4936 2.0000
    433 337.84    0.0 20.000      2
 4.3235    0.0 4.3235 2.0000
    434 369.48    0.0 20.000      2
 1.3620    0.0 1.3620 2.0000
    435 369.77    0.0 20.000      2
 1.1945    0.0 1.1945 2.0000
    436 306.20    0.0 20.000      2
 0.5342    0.0 0.5342 2.0000
    437 261.80    0.0 20.000      2
 1.4384    0.0 1.4384 2.0000
    438 281.06    0.0 20.000      2
 1.3355    0.0 1.3355 2.0000
    439 297.36    0.0 20.000      2
 1.0345    0.0 1.0345 2.0000
    440 316.27    0.0 20.000      2
 0.9253    0.0 0.9253 2.0000
    441 341.05    0.0 20.000      2
 0.8013    0.0 0.8013 2.0000
    442 349.88    0.0 20.000      2
 3.2385    0.0 3.2385 2.0000
    443 338.84    0.0 20.000      2
 4.3070    0.0 4.3070 2.0000
    444 376.44    0.0 20.000      2
 0.7067    0.0 0.7067 2.0000
    445 375.04    0.0 20.000      2
 1.0684    0.0 1.0684 2.0000
    446 287.07    0.0 20.000      2
 0.5973    0.0 0.5973 2.0000
    447 244.20    0.0 20.000      2
 6.9448    0.0 6.9448 2.0000
    448 280.28    0.0 20.000      2
 1.4384    0.0 1.4384 2.0000
    449 338.25    0.0 20.000      2
 0.9253    0.0 0.9253 2.0000
    450 428.00    0.0 20.000      2
 0.7555    0.0 0.7555 2.0000
    451 441.93    0.0 20.000      2
 0.5973    0.0 0.5973 2.0000
    452 350.88    0.0 20.000      2
 3.2164    0.0 3.2164 2.0000
    453 339.84    0.0 20.000      2
 4.2821    0.0 4.2821 2.0000
    454 343.38    0.0 20.000      2
 4.2570    0.0 4.2570 2.0000
    455 290.69    0.0 20.000      2
 0.5342    0.0 0.5342 2.0000
    456 267.94    0.0 20.000      2
 6.8829    0.0 6.8829 2.0000
    457 245.20    0.0 20.000      2
 6.9294    0.0 6.9294 2.0000
    458 365.01    0.0 20.000      2
 3.0572    0.0 3.0572 2.0000
    459 344.38    0.0 20.000      2
 4.2064    0.0 4.2064 2.0000
    460 384.70    0.0 20.000      2
 0.7067    0.0 0.7067 2.0000
    461 250.41    0.0 20.000      2
 6.8933    0.0 6.8933 2.0000
    462 298.77    0.0 20.000      2
 0.7555    0.0 0.7555 2.0000
    463 360.23    0.0 20.000      2
 0.6543    0.0 0.6543 2.0000
    464 423.06    0.0 20.000      2
 0.5342    0.0 0.5342 2.0000
    465 412.93    0.0 20.000      2
 0.5973    0.0 0.5973 2.0000
    466 403.91    0.0 20.000      2
 0.6543    0.0 0.6543 2.0000
    467 393.14    0.0 20.000      2
 0.7067    0.0 0.7067 2.0000
    468 381.54    0.0 20.000      2
 0.7555    0.0 0.7555 2.0000
    469 373.27    0.0 20.000      2
 2.6844    0.0 2.6844 2.0000
    470 411.52    0.0 20.000      2
 0.6543    0.0 0.6543 2.0000
    471 368.83    0.0 20.000      2
 3.0455    0.0 3.0455 2.0000
    472 348.00    0.0 20.000      2
 4.1552    0.0 4.1552 2.0000
    473 252.00    0.0 20.000      2
 6.8569    0.0 6.8569 2.0000
    474 330.30    0.0 20.000      2
 0.7067    0.0 0.7067 2.0000
    475 419.13    0.0 20.000      2
 0.5973    0.0 0.5973 2.0000
    476 395.66    0.0 20.000      2
 0.7067    0.0 0.7067 2.0000
    477 387.58    0.0 20.000      2
 0.7555    0.0 0.7555 2.0000
    478 379.50    0.0 20.000      2
 2.6844    0.0 2.6844 2.0000
    479 376.49    0.0 20.000      2
 3.0455    0.0 3.0455 2.0000
    480 384.14    0.0 20.000      2
 0.7555    0.0 0.7555 2.0000
    481 383.54    0.0 20.000      2
 2.5481    0.0 2.5481 2.0000
    482 349.00    0.0 20.000      2
 4.1034    0.0 4.1034 2.0000
    483 253.00    0.0 20.000      2
 6.8309    0.0 6.8309 2.0000
    484 358.05    0.0 20.000      2
 0.7067    0.0 0.7067 2.0000
    485 356.08    0.0 20.000      2
 3.7586    0.0 3.7586 2.0000
    486 363.16    0.0 20.000      2
 0.5342    0.0 0.5342 2.0000
    487 381.32    0.0 20.000      2
 0.6543    0.0 0.6543 2.0000
    488 365.72    0.0 20.000      2
 0.9994    0.0 0.9994 2.0000
    489 350.79    0.0 20.000      2
 1.1332    0.0 1.1332 2.0000
    490 276.44    0.0 20.000      2
 1.8698    0.0 1.8698 2.0000
    491 264.72    0.0 20.000      2
 6.8309    0.0 6.8309 2.0000
    492 268.40    0.0 20.000      2
 6.5537    0.0 6.5537 2.0000
    493 391.21    0.0 20.000      2
 0.5973    0.0 0.5973 2.0000
    494 388.00    0.0 20.000      2
 2.4188    0.0 2.4188 2.0000
    495 355.75    0.0 20.000      2
 3.7012    0.0 3.7012 2.0000
    496 344.40    0.0 20.000      2
 1.6681    0.0 1.6681 2.0000
    497 302.97    0.0 20.000      2
 1.7918    0.0 1.7918 2.0000
    498 269.91    0.0 20.000      2
 6.5373    0.0 6.5373 2.0000
    499 379.25    0.0 20.000      2
 0.6543    0.0 0.6543 2.0000
    500 433.77    0.0 20.000      2
 0.5342    0.0 0.5342 2.0000
    501 420.22    0.0 20.000      2
 0.5973    0.0 0.5973 2.0000
    502 389.61    0.0 20.000      2
 2.4188    0.0 2.4188 2.0000
    503 391.21    0.0 20.000      2
 1.0684    0.0 1.0684 2.0000
    504 392.21    0.0 20.000      2
 0.7067    0.0 0.7067 2.0000
    505 338.00    0.0 20.000      2
 1.6681    0.0 1.6681 2.0000
    506 321.41    0.0 20.000      2
 1.7311    0.0 1.7311 2.0000
    507 314.86    0.0 20.000      2
 1.7718    0.0 1.7718 2.0000
    508 290.91    0.0 20.000      2
 1.0345    0.0 1.0345 2.0000
    509 311.91    0.0 20.000      2
 0.9994    0.0 0.9994 2.0000
    510 325.90    0.0 20.000      2
 0.9631    0.0 0.9631 2.0000
    511 343.31    0.0 20.000      2
 0.9253    0.0 0.9253 2.0000
    512 356.86    0.0 20.000      2
 0.8859    0.0 0.8859 2.0000
    513 367.30    0.0 20.000      2
 0.6543    0.0 0.6543 2.0000
    514 379.53    0.0 20.000      2
 0.5973    0.0 0.5973 2.0000
    515 395.66    0.0 20.000      2
 0.5342    0.0 0.5342 2.0000
    516 414.69    0.0 20.000      2
 2.1369    0.0 2.1369 2.0000
    517 397.00    0.0 20.000      2
 2.3439    0.0 2.3439 2.0000
    518 358.00    0.0 20.000      2
 3.6429    0.0 3.6429 2.0000
    519 347.64    0.0 20.000      2
 1.1643    0.0 1.1643 2.0000
    520 270.91    0.0 20.000      2
 6.5100    0.0 6.5100 2.0000
    521 326.67    0.0 20.000      2
 0.9631    0.0 0.9631 2.0000
    522 357.03    0.0 20.000      2
 0.8859    0.0 0.8859 2.0000
    523 409.16    0.0 20.000      2
 2.1369    0.0 2.1369 2.0000
    524 398.00    0.0 20.000      2
 2.2026    0.0 2.2026 2.0000
    525 400.82    0.0 20.000      2
 2.3439    0.0 2.3439 2.0000
    526 362.21    0.0 20.000      2
 3.6429    0.0 3.6429 2.0000
    527 366.43    0.0 20.000      2
 2.3132    0.0 2.3132 2.0000
    528 369.06    0.0 20.000      2
 2.2822    0.0 2.2822 2.0000
    529 352.69    0.0 20.000      2
 0.8447    0.0 0.8447 2.0000
    530 280.58    0.0 20.000      2
 1.0345    0.0 1.0345 2.0000
    531 438.56    0.0 20.000      2
 0.7555    0.0 0.7555 2.0000
    532 448.00    0.0 20.000      2
 0.5973    0.0 0.5973 2.0000
    533 410.16    0.0 20.000      2
 2.0166    0.0 2.0166 2.0000
    534 404.65    0.0 20.000      2
 0.9994    0.0 0.9994 2.0000
    535 368.00    0.0 20.000      2
 2.7887    0.0 2.7887 2.0000
    536 379.33    0.0 20.000      2
 2.1864    0.0 2.1864 2.0000
    537 363.58    0.0 20.000      2
 0.5973    0.0 0.5973 2.0000
    538 271.91    0.0 20.000      2
 6.4050    0.0 6.4050 2.0000
    539 290.25    0.0 20.000      2
 1.0345    0.0 1.0345 2.0000
    540 327.43    0.0 20.000      2
 0.8013    0.0 0.8013 2.0000
    541 357.20    0.0 20.000      2
 0.7067    0.0 0.7067 2.0000
    542 429.92    0.0 20.000      2
 1.0345    0.0 1.0345 2.0000
    543 434.58    0.0 20.000      2
 1.9261    0.0 1.9261 2.0000
    544 401.22    0.0 20.000      2
 0.9994    0.0 0.9994 2.0000
    545 396.26    0.0 20.000      2
 1.2810    0.0 1.2810 2.0000
    546 391.29    0.0 20.000      2
 1.3086    0.0 1.3086 2.0000
    547 383.65    0.0 20.000      2
 1.3355    0.0 1.3355 2.0000
    548 371.98    0.0 20.000      2
 1.3620    0.0 1.3620 2.0000
    549 368.50    0.0 20.000      2
 2.7887    0.0 2.7887 2.0000
    550 384.17    0.0 20.000      2
 2.1700    0.0 2.1700 2.0000
    551 376.77    0.0 20.000      2
 0.5342    0.0 0.5342 2.0000
    552 358.13    0.0 20.000      2
 0.6543    0.0 0.6543 2.0000
    553 362.76    0.0 20.000      2
 0.5973    0.0 0.5973 2.0000
    554 374.78    0.0 20.000      2
 0.5342    0.0 0.5342 2.0000
    555 415.79    0.0 20.000      2
 1.2810    0.0 1.2810 2.0000
    556 424.54    0.0 20.000      2
 1.1332    0.0 1.1332 2.0000
    557 435.58    0.0 20.000      2
 1.8887    0.0 1.8887 2.0000
    558 414.47    0.0 20.000      2
 0.9631    0.0 0.9631 2.0000
    559 397.68    0.0 20.000      2
 1.2529    0.0 1.2529 2.0000
    560 369.00    0.0 20.000      2
 2.7759    0.0 2.7759 2.0000
    561 389.76    0.0 20.000      2
 2.0690    0.0 2.0690 2.0000
    562 272.91    0.0 20.000      2
 6.3153    0.0 6.3153 2.0000
    563 411.89    0.0 20.000      2
 1.3620    0.0 1.3620 2.0000
    564 393.99    0.0 20.000      2
 1.9809    0.0 1.9809 2.0000
    565 403.31    0.0 20.000      2
 1.8506    0.0 1.8506 2.0000
    566 410.32    0.0 20.000      2
 0.5973    0.0 0.5973 2.0000
    567 417.33    0.0 20.000      2
 0.5342    0.0 0.5342 2.0000
    568 279.00    0.0 20.000      2
 6.2643    0.0 6.2643 2.0000
    569 290.95    0.0 20.000      2
 0.7067    0.0 0.7067 2.0000
    570 381.88    0.0 20.000      2
 1.6893    0.0 1.6893 2.0000
    571 384.82    0.0 20.000      2
 1.6466    0.0 1.6466 2.0000
    572 388.00    0.0 20.000      2
 1.5575    0.0 1.5575 2.0000
    573 400.73    0.0 20.000      2
 1.4630    0.0 1.4630 2.0000
    574 440.43    0.0 20.000      2
 1.8116    0.0 1.8116 2.0000
    575 421.34    0.0 20.000      2
 0.9253    0.0 0.9253 2.0000
    576 406.59    0.0 20.000      2
 1.2240    0.0 1.2240 2.0000
    577 372.44    0.0 20.000      2
 2.6844    0.0 2.6844 2.0000
    578 406.20    0.0 20.000      2
 1.7718    0.0 1.7718 2.0000
    579 364.45    0.0 20.000      2
 0.6543    0.0 0.6543 2.0000
    580 352.26    0.0 20.000      2
 0.6543    0.0 0.6543 2.0000
    581 280.00    0.0 20.000      2
 6.2128    0.0 6.2128 2.0000
    582 302.90    0.0 20.000      2
 0.5973    0.0 0.5973 2.0000
    583 378.00    0.0 20.000      2
 1.7103    0.0 1.7103 2.0000
    584 385.74    0.0 20.000      2
 1.6466    0.0 1.6466 2.0000
    585 429.04    0.0 20.000      2
 0.5973    0.0 0.5973 2.0000
    586 406.28    0.0 20.000      2
 0.5973    0.0 0.5973 2.0000
    587 406.24    0.0 20.000      2
 1.7718    0.0 1.7718 2.0000
    588 361.38    0.0 20.000      2
 2.0342    0.0 2.0342 2.0000
    589 370.26    0.0 20.000      2
 1.9989    0.0 1.9989 2.0000
    590 450.26    0.0 20.000      2
 1.7515    0.0 1.7515 2.0000
    591 416.27    0.0 20.000      2
 1.1945    0.0 1.1945 2.0000
    592 378.00    0.0 20.000      2
 2.6171    0.0 2.6171 2.0000
    593 408.00    0.0 20.000      2
 1.6248    0.0 1.6248 2.0000
    594 363.84    0.0 20.000      2
 1.1643    0.0 1.1643 2.0000
    595 345.13    0.0 20.000      2
 1.4134    0.0 1.4134 2.0000
    596 281.00    0.0 20.000      2
 6.1725    0.0 6.1725 2.0000
    597 360.38    0.0 20.000      2
 2.0517    0.0 2.0517 2.0000
    598 386.65    0.0 20.000      2
 0.8859    0.0 0.8859 2.0000
    599 426.19    0.0 20.000      2
 0.8859    0.0 0.8859 2.0000
    600 421.23    0.0 20.000      2
 1.1945    0.0 1.1945 2.0000
    601 418.85    0.0 20.000      2
 1.5110    0.0 1.5110 2.0000
    602 432.70    0.0 20.000      2
 0.6543    0.0 0.6543 2.0000
    603 424.44    0.0 20.000      2
 1.0345    0.0 1.0345 2.0000
    604 416.19    0.0 20.000      2
 1.0684    0.0 1.0684 2.0000
    605 405.45    0.0 20.000      2
 1.1013    0.0 1.1013 2.0000
    606 387.83    0.0 20.000      2
 1.1332    0.0 1.1332 2.0000
    607 363.22    0.0 20.000      2
 1.3879    0.0 1.3879 2.0000
    608 348.79    0.0 20.000      2
 1.4134    0.0 1.4134 2.0000
    609 338.00    0.0 20.000      2
 2.2026    0.0 2.2026 2.0000
    610 333.90    0.0 20.000      2
 2.2665    0.0 2.2665 2.0000
    611 318.00    0.0 20.000      2
 2.2978    0.0 2.2978 2.0000
    612 292.46    0.0 20.000      2
 2.3132    0.0 2.3132 2.0000
    613 286.73    0.0 20.000      2
 6.1725    0.0 6.1725 2.0000
    614 457.37    0.0 20.000      2
 1.6027    0.0 1.6027 2.0000
    615 437.85    0.0 20.000      2
 0.8447    0.0 0.8447 2.0000
    616 431.45    0.0 20.000      2
 1.1643    0.0 1.1643 2.0000
    617 388.00    0.0 20.000      2
 1.9446    0.0 1.9446 2.0000
    618 421.27    0.0 20.000      2
 1.4384    0.0 1.4384 2.0000
    619 428.34    0.0 20.000      2
 0.9631    0.0 0.9631 2.0000
    620 379.56    0.0 20.000      2
 1.3879    0.0 1.3879 2.0000
    621 343.85    0.0 20.000      2
 2.2026    0.0 2.2026 2.0000
    622 282.00    0.0 20.000      2
 6.1202    0.0 6.1202 2.0000
    623 347.71    0.0 20.000      2
 2.1032    0.0 2.1032 2.0000
    624 396.04    0.0 20.000      2
 0.5973    0.0 0.5973 2.0000
    625 428.00    0.0 20.000      2
 1.3086    0.0 1.3086 2.0000
    626 285.14    0.0 20.000      2
 5.6410    0.0 5.6410 2.0000
    627 328.00    0.0 20.000      2
 2.2188    0.0 2.2188 2.0000
    628 337.25    0.0 20.000      2
 2.1864    0.0 2.1864 2.0000
    629 458.37    0.0 20.000      2
 1.4872    0.0 1.4872 2.0000
    630 441.15    0.0 20.000      2
 1.1332    0.0 1.1332 2.0000
    631 398.00    0.0 20.000      2
 1.9075    0.0 1.9075 2.0000
    632 429.88    0.0 20.000      2
 1.2529    0.0 1.2529 2.0000
    633 434.89    0.0 20.000      2
 0.5973    0.0 0.5973 2.0000
    634 395.90    0.0 20.000      2
 1.1013    0.0 1.1013 2.0000
    635 349.70    0.0 20.000      2
 0.8013    0.0 0.8013 2.0000
    636 286.14    0.0 20.000      2
 5.6220    0.0 5.6220 2.0000
    637 326.52    0.0 20.000      2
 2.2507    0.0 2.2507 2.0000
    638 339.52    0.0 20.000      2
 2.1864    0.0 2.1864 2.0000
    639 460.05    0.0 20.000      2
 0.8013    0.0 0.8013 2.0000
    640 450.60    0.0 20.000      2
 1.1332    0.0 1.1332 2.0000
    641 414.29    0.0 20.000      2
 1.4384    0.0 1.4384 2.0000
    642 400.88    0.0 20.000      2
 1.5110    0.0 1.5110 2.0000
    643 407.85    0.0 20.000      2
 1.9075    0.0 1.9075 2.0000
    644 433.94    0.0 20.000      2
 1.0345    0.0 1.0345 2.0000
    645 438.00    0.0 20.000      2
 0.5973    0.0 0.5973 2.0000
    646 428.58    0.0 20.000      2
 0.5973    0.0 0.5973 2.0000
    647 414.55    0.0 20.000      2
 0.8859    0.0 0.8859 2.0000
    648 291.34    0.0 20.000      2
 5.5195    0.0 5.5195 2.0000
    649 296.53    0.0 20.000      2
 2.3891    0.0 2.3891 2.0000
    650 313.89    0.0 20.000      2
 2.3741    0.0 2.3741 2.0000
    651 459.37    0.0 20.000      2
 1.4134    0.0 1.4134 2.0000
    652 468.33    0.0 20.000      2
 0.7555    0.0 0.7555 2.0000
    653 449.10    0.0 20.000      2
 1.1013    0.0 1.1013 2.0000
    654 428.21    0.0 20.000      2
 1.2810    0.0 1.2810 2.0000
    655 417.70    0.0 20.000      2
 1.8312    0.0 1.8312 2.0000
    656 439.91    0.0 20.000      2
 0.7555    0.0 0.7555 2.0000
    657 442.23    0.0 20.000      2
 0.5342    0.0 0.5342 2.0000
    658 446.15    0.0 20.000      2
 0.5342    0.0 0.5342 2.0000
    659 287.14    0.0 20.000      2
 5.6029    0.0 5.6029 2.0000
    660 341.78    0.0 20.000      2
 0.5973    0.0 0.5973 2.0000
    661 462.29    0.0 20.000      2
 1.2810    0.0 1.2810 2.0000
    662 355.25    0.0 20.000      2
 0.5342    0.0 0.5342 2.0000
    663 463.68    0.0 20.000      2
 1.1643    0.0 1.1643 2.0000
    664 460.95    0.0 20.000      2
 1.0345    0.0 1.0345 2.0000
    665 439.76    0.0 20.000      2
 1.2529    0.0 1.2529 2.0000
    666 423.27    0.0 20.000      2
 1.7918    0.0 1.7918 2.0000
    667 451.58    0.0 20.000      2
 0.7067    0.0 0.7067 2.0000
    668 290.35    0.0 20.000      2
 4.9613    0.0 4.9613 2.0000
    669 324.82    0.0 20.000      2
 0.8859    0.0 0.8859 2.0000
    670 466.59    0.0 20.000      2
 1.0684    0.0 1.0684 2.0000
    671 472.04    0.0 20.000      2
 0.7067    0.0 0.7067 2.0000
    672 466.49    0.0 20.000      2
 1.0345    0.0 1.0345 2.0000
    673 447.13    0.0 20.000      2
 0.9631    0.0 0.9631 2.0000
    674 435.20    0.0 20.000      2
 0.9631    0.0 0.9631 2.0000
    675 293.12    0.0 20.000      2
 4.9613    0.0 4.9613 2.0000
    676 295.89    0.0 20.000      2
 0.9253    0.0 0.9253 2.0000
    677 467.98    0.0 20.000      2
 0.8447    0.0 0.8447 2.0000
    678 478.28    0.0 20.000      2
 0.6543    0.0 0.6543 2.0000
    679 469.69    0.0 20.000      2
 0.6543    0.0 0.6543 2.0000
    680 452.52    0.0 20.000      2
 0.9631    0.0 0.9631 2.0000
    681 428.00    0.0 20.000      2
 1.7515    0.0 1.7515 2.0000
    682 467.64    0.0 20.000      2
 0.6543    0.0 0.6543 2.0000
    683 291.35    0.0 20.000      2
 4.8962    0.0 4.8962 2.0000
    684 324.33    0.0 20.000      2
 0.8859    0.0 0.8859 2.0000
    685 438.28    0.0 20.000      2
 1.7515    0.0 1.7515 2.0000
    686 448.55    0.0 20.000      2
 1.1643    0.0 1.1643 2.0000
    687 458.00    0.0 20.000      2
 0.9631    0.0 0.9631 2.0000
    688 461.55    0.0 20.000      2
 0.7555    0.0 0.7555 2.0000
    689 292.61    0.0 20.000      2
 4.8962    0.0 4.8962 2.0000
    690 293.87    0.0 20.000      2
 1.9075    0.0 1.9075 2.0000
    691 395.11    0.0 20.000      2
 0.6543    0.0 0.6543 2.0000
    692 408.12    0.0 20.000      2
 0.5342    0.0 0.5342 2.0000
    693 474.98    0.0 20.000      2
 0.7067    0.0 0.7067 2.0000
    694 481.83    0.0 20.000      2
 0.5973    0.0 0.5973 2.0000
    695 478.75    0.0 20.000      2
 0.5973    0.0 0.5973 2.0000
    696 464.11    0.0 20.000      2
 0.5973    0.0 0.5973 2.0000
    697 447.55    0.0 20.000      2
 1.3355    0.0 1.3355 2.0000
    698 469.57    0.0 20.000      2
 0.5973    0.0 0.5973 2.0000
    699 292.35    0.0 20.000      2
 4.7931    0.0 4.7931 2.0000
    700 323.84    0.0 20.000      2
 0.8859    0.0 0.8859 2.0000
    701 347.51    0.0 20.000      2
 0.8013    0.0 0.8013 2.0000
    702 390.00    0.0 20.000      2
 0.7067    0.0 0.7067 2.0000
    703 407.84    0.0 20.000      2
 0.5973    0.0 0.5973 2.0000
    704 456.49    0.0 20.000      2
 0.5973    0.0 0.5973 2.0000
    705 455.63    0.0 20.000      2
 1.3355    0.0 1.3355 2.0000
    706 408.12    0.0 20.000      2
 0.8447    0.0 0.8447 2.0000
    707 409.00    0.0 20.000      2
 0.8013    0.0 0.8013 2.0000
    708 477.68    0.0 20.000      2
 0.6543    0.0 0.6543 2.0000
    709 484.89    0.0 20.000      2
 0.5342    0.0 0.5342 2.0000
    710 483.86    0.0 20.000      2
 0.5342    0.0 0.5342 2.0000
    711 476.15    0.0 20.000      2
 0.5342    0.0 0.5342 2.0000
    712 466.25    0.0 20.000      2
 0.5342    0.0 0.5342 2.0000
    713 463.70    0.0 20.000      2
 0.5342    0.0 0.5342 2.0000
    714 475.04    0.0 20.000      2
 0.5342    0.0 0.5342 2.0000
    715 297.51    0.0 20.000      2
 4.3400    0.0 4.3400 2.0000
    716 323.68    0.0 20.000      2
 1.6248    0.0 1.6248 2.0000
    717 347.19    0.0 20.000      2
 1.5802    0.0 1.5802 2.0000
    718 389.60    0.0 20.000      2
 0.9631    0.0 0.9631 2.0000
    719 407.56    0.0 20.000      2
 0.8859    0.0 0.8859 2.0000
    720 481.02    0.0 20.000      2
 0.5973    0.0 0.5973 2.0000
    721 368.18    0.0 20.000      2
 0.5342    0.0 0.5342 2.0000
    722 347.11    0.0 20.000      2
 0.5973    0.0 0.5973 2.0000
    723 322.31    0.0 20.000      2
 0.6543    0.0 0.6543 2.0000
    724 297.88    0.0 20.000      2
 4.3400    0.0 4.3400 2.0000
    725 298.25    0.0 20.000      2
 1.7103    0.0 1.7103 2.0000
    726 323.53    0.0 20.000      2
 1.6248    0.0 1.6248 2.0000
    727 337.98    0.0 20.000      2
 1.6027    0.0 1.6027 2.0000
    728 346.87    0.0 20.000      2
 1.5802    0.0 1.5802 2.0000
    729 482.78    0.0 20.000      2
 0.5342    0.0 0.5342 2.0000
    730 298.51    0.0 20.000      2
 4.2737    0.0 4.2737 2.0000
    731 364.80    0.0 20.000      2
 1.1643    0.0 1.1643 2.0000
    732 388.82    0.0 20.000      2
 1.1013    0.0 1.1013 2.0000
    733 407.01    0.0 20.000      2
 1.0345    0.0 1.0345 2.0000
    734 365.19    0.0 20.000      2
 1.1643    0.0 1.1643 2.0000
    735 375.02    0.0 20.000      2
 1.1332    0.0 1.1332 2.0000
    736 388.05    0.0 20.000      2
 1.1013    0.0 1.1013 2.0000
    737 398.75    0.0 20.000      2
 1.0684    0.0 1.0684 2.0000
    738 406.46    0.0 20.000      2
 1.0345    0.0 1.0345 2.0000
    739 413.58    0.0 20.000      2
 0.7555    0.0 0.7555 2.0000
    740 472.65    0.0 20.000      2
 0.5342    0.0 0.5342 2.0000
    741 299.51    0.0 20.000      2
 4.2149    0.0 4.2149 2.0000
    742 365.58    0.0 20.000      2
 0.8013    0.0 0.8013 2.0000
    743 408.77    0.0 20.000      2
 0.6543    0.0 0.6543 2.0000
    744 423.07    0.0 20.000      2
 0.7067    0.0 0.7067 2.0000
    745 467.60    0.0 20.000      2
 0.7555    0.0 0.7555 2.0000
    746 461.80    0.0 20.000      2
 0.8447    0.0 0.8447 2.0000
    747 453.62    0.0 20.000      2
 1.0345    0.0 1.0345 2.0000
    748 345.41    0.0 20.000      2
 0.5342    0.0 0.5342 2.0000
    749 322.46    0.0 20.000      2
 0.5973    0.0 0.5973 2.0000
    750 312.33    0.0 20.000      2
 4.2149    0.0 4.2149 2.0000
    751 325.15    0.0 20.000      2
 0.8859    0.0 0.8859 2.0000
    752 446.48    0.0 20.000      2
 1.1332    0.0 1.1332 2.0000
    753 308.00    0.0 20.000      2
 4.0509    0.0 4.0509 2.0000
    754 337.88    0.0 20.000      2
 0.7067    0.0 0.7067 2.0000
    755 370.93    0.0 20.000      2
 0.5973    0.0 0.5973 2.0000
    756 418.79    0.0 20.000      2
 0.5973    0.0 0.5973 2.0000
    757 437.86    0.0 20.000      2
 0.6543    0.0 0.6543 2.0000
    758 435.57    0.0 20.000      2
 1.2810    0.0 1.2810 2.0000
    759 429.36    0.0 20.000      2
 1.3879    0.0 1.3879 2.0000
    760 423.81    0.0 20.000      2
 1.4134    0.0 1.4134 2.0000
    761 411.92    0.0 20.000      2
 1.4384    0.0 1.4384 2.0000
    762 391.30    0.0 20.000      2
 1.4630    0.0 1.4630 2.0000
    763 372.74    0.0 20.000      2
 1.4872    0.0 1.4872 2.0000
    764 345.41    0.0 20.000      2
 1.5110    0.0 1.5110 2.0000
    765 326.71    0.0 20.000      2
 3.7586    0.0 3.7586 2.0000
    766 381.47    0.0 20.000      2
 0.5342    0.0 0.5342 2.0000
    767 412.85    0.0 20.000      2
 1.4384    0.0 1.4384 2.0000
    768 373.02    0.0 20.000      2
 1.4872    0.0 1.4872 2.0000
    769 310.76    0.0 20.000      2
 3.9348    0.0 3.9348 2.0000
    770 442.49    0.0 20.000      2
 0.5342    0.0 0.5342 2.0000
    771 464.61    0.0 20.000      2
 0.5973    0.0 0.5973 2.0000
    772 329.89    0.0 20.000      2
 3.9348    0.0 3.9348 2.0000
    773 349.02    0.0 20.000      2
 0.7555    0.0 0.7555 2.0000
    774 365.81    0.0 20.000      2
 0.7067    0.0 0.7067 2.0000
    775 379.39    0.0 20.000      2
 0.5973    0.0 0.5973 2.0000
    776 413.78    0.0 20.000      2
 0.5973    0.0 0.5973 2.0000
    777 373.30    0.0 20.000      2
 0.7067    0.0 0.7067 2.0000
    778 318.00    0.0 20.000      2
 3.4207    0.0 3.4207 2.0000
    779 478.36    0.0 20.000      2
 0.5342    0.0 0.5342 2.0000
    780 334.41    0.0 20.000      2
 2.7240    0.0 2.7240 2.0000
    781 326.21    0.0 20.000      2
 3.4207    0.0 3.4207 2.0000
    782 332.43    0.0 20.000      2
 3.3147    0.0 3.3147 2.0000
    783 335.21    0.0 20.000      2
 3.3147    0.0 3.3147 2.0000
    784 348.00    0.0 20.000      2
 1.8312    0.0 1.8312 2.0000
    785 338.00    0.0 20.000      2
 2.6307    0.0 2.6307 2.0000
    786 375.46    0.0 20.000      2
 1.7918    0.0 1.7918 2.0000
    787 388.33    0.0 20.000      2
 1.7515    0.0 1.7515 2.0000
    788 359.93    0.0 20.000      2
 2.5897    0.0 2.5897 2.0000
    789 401.50    0.0 20.000      2
 1.6248    0.0 1.6248 2.0000
    790 379.26    0.0 20.000      2
 0.5973    0.0 0.5973 2.0000
    791 370.10    0.0 20.000      2
 2.0862    0.0 2.0862 2.0000
    792 360.93    0.0 20.000      2
 2.2978    0.0 2.2978 2.0000
    793 360.43    0.0 20.000      2
 2.5897    0.0 2.5897 2.0000
    794 413.11    0.0 20.000      2
 1.5344    0.0 1.5344 2.0000
    795 429.54    0.0 20.000      2
 1.4384    0.0 1.4384 2.0000
    796 454.62    0.0 20.000      2
 0.7555    0.0 0.7555 2.0000
    797 475.52    0.0 20.000      2
 0.7067    0.0 0.7067 2.0000
    798 492.07    0.0 20.000      2
 0.6543    0.0 0.6543 2.0000
    799 503.46    0.0 20.000      2
 0.5973    0.0 0.5973 2.0000
    800 508.21    0.0 20.000      2
 0.5342    0.0 0.5342 2.0000
    801 411.29    0.0 20.000      2
 0.5342    0.0 0.5342 2.0000
    802 363.24    0.0 20.000      2
 2.1700    0.0 2.1700 2.0000
    803 374.92    0.0 20.000      2
 1.1013    0.0 1.1013 2.0000
    804 447.84    0.0 20.000      2
 1.3086    0.0 1.3086 2.0000
    805 481.55    0.0 20.000      2
 0.7067    0.0 0.7067 2.0000
    806 404.32    0.0 20.000      2
 0.8447    0.0 0.8447 2.0000
    807 368.11    0.0 20.000      2
 2.0342    0.0 2.0342 2.0000
    808 390.39    0.0 20.000      2
 0.9994    0.0 0.9994 2.0000
    809 466.14    0.0 20.000      2
 0.9994    0.0 0.9994 2.0000
    810 487.58    0.0 20.000      2
 0.5973    0.0 0.5973 2.0000
    811 396.32    0.0 20.000      2
 0.8859    0.0 0.8859 2.0000
    812 389.25    0.0 20.000      2
 1.1013    0.0 1.1013 2.0000
    813 382.15    0.0 20.000      2
 1.3620    0.0 1.3620 2.0000
    814 381.15    0.0 20.000      2
 1.4384    0.0 1.4384 2.0000
    815 379.59    0.0 20.000      2
 1.5344    0.0 1.5344 2.0000
    816 369.11    0.0 20.000      2
 1.7311    0.0 1.7311 2.0000
    817 368.61    0.0 20.000      2
 2.0342    0.0 2.0342 2.0000
    818 406.76    0.0 20.000      2
 0.8013    0.0 0.8013 2.0000
    819 383.87    0.0 20.000      2
 0.9994    0.0 0.9994 2.0000
    820 423.45    0.0 20.000      2
 0.7067    0.0 0.7067 2.0000
    821 478.00    0.0 20.000      2
 0.5973    0.0 0.5973 2.0000
    822 440.88    0.0 20.000      2
 0.5342    0.0 0.5342 2.0000
    823 400.78    0.0 20.000      2
 0.9631    0.0 0.9631 2.0000
    824 415.97    0.0 20.000      2
 0.9253    0.0 0.9253 2.0000
    825 424.08    0.0 20.000      2
 0.8859    0.0 0.8859 2.0000
    826 438.15    0.0 20.000      2
 0.5342    0.0 0.5342 2.0000
