Well abstraction for each category (m3/s) constant since the previous breakpoint. Y,M,D,H,min,Qn. Daily Abstraction at Cornhow Jan 2010 to Sept 2018. Oct 2018 abs duplicated from end of Sept to allow SHETRAN to run 1st Oct 2018
2010	1	1	0	0	0.193
2010	1	2	0	0	0.193
2010	1	3	0	0	0.193
2010	1	4	0	0	0.190
2010	1	5	0	0	0.198
2010	1	6	0	0	0.197
2010	1	7	0	0	0.180
2010	1	8	0	0	0.207
2010	1	9	0	0	0.207
2010	1	10	0	0	0.207
2010	1	11	0	0	0.235
2010	1	12	0	0	0.259
2010	1	13	0	0	0.225
2010	1	14	0	0	0.227
2010	1	15	0	0	0.220
2010	1	16	0	0	0.220
2010	1	17	0	0	0.220
2010	1	18	0	0	0.234
2010	1	19	0	0	0.222
2010	1	20	0	0	0.206
2010	1	21	0	0	0.216
2010	1	22	0	0	0.208
2010	1	23	0	0	0.208
2010	1	24	0	0	0.208
2010	1	25	0	0	0.205
2010	1	26	0	0	0.211
2010	1	27	0	0	0.192
2010	1	28	0	0	0.206
2010	1	29	0	0	0.203
2010	1	30	0	0	0.203
2010	1	31	0	0	0.203
2010	2	1	0	0	0.203
2010	2	2	0	0	0.204
2010	2	3	0	0	0.209
2010	2	4	0	0	0.202
2010	2	5	0	0	0.203
2010	2	6	0	0	0.203
2010	2	7	0	0	0.203
2010	2	8	0	0	0.184
2010	2	9	0	0	0.221
2010	2	10	0	0	0.190
2010	2	11	0	0	0.209
2010	2	12	0	0	0.201
2010	2	13	0	0	0.201
2010	2	14	0	0	0.201
2010	2	15	0	0	0.199
2010	2	16	0	0	0.203
2010	2	17	0	0	0.203
2010	2	18	0	0	0.201
2010	2	19	0	0	0.199
2010	2	20	0	0	0.199
2010	2	21	0	0	0.199
2010	2	22	0	0	0.196
2010	2	23	0	0	0.188
2010	2	24	0	0	0.203
2010	2	25	0	0	0.189
2010	2	26	0	0	0.201
2010	2	27	0	0	0.201
2010	2	28	0	0	0.201
2010	3	1	0	0	0.194
2010	3	2	0	0	0.205
2010	3	3	0	0	0.192
2010	3	4	0	0	0.202
2010	3	5	0	0	0.200
2010	3	6	0	0	0.200
2010	3	7	0	0	0.200
2010	3	8	0	0	0.199
2010	3	9	0	0	0.246
2010	3	10	0	0	0.147
2010	3	11	0	0	0.203
2010	3	12	0	0	0.199
2010	3	13	0	0	0.199
2010	3	14	0	0	0.199
2010	3	15	0	0	0.195
2010	3	16	0	0	0.198
2010	3	17	0	0	0.203
2010	3	18	0	0	0.199
2010	3	19	0	0	0.196
2010	3	20	0	0	0.196
2010	3	21	0	0	0.196
2010	3	22	0	0	0.182
2010	3	23	0	0	0.203
2010	3	24	0	0	0.191
2010	3	25	0	0	0.195
2010	3	26	0	0	0.191
2010	3	27	0	0	0.191
2010	3	28	0	0	0.191
2010	3	29	0	0	0.193
2010	3	30	0	0	0.193
2010	3	31	0	0	0.187
2010	4	1	0	0	0.194
2010	4	2	0	0	0.194
2010	4	3	0	0	0.194
2010	4	4	0	0	0.194
2010	4	5	0	0	0.194
2010	4	6	0	0	0.198
2010	4	7	0	0	0.183
2010	4	8	0	0	0.200
2010	4	9	0	0	0.208
2010	4	10	0	0	0.208
2010	4	11	0	0	0.208
2010	4	12	0	0	0.201
2010	4	13	0	0	0.189
2010	4	14	0	0	0.199
2010	4	15	0	0	0.210
2010	4	16	0	0	0.198
2010	4	17	0	0	0.198
2010	4	18	0	0	0.198
2010	4	19	0	0	0.193
2010	4	20	0	0	0.197
2010	4	21	0	0	0.206
2010	4	22	0	0	0.191
2010	4	23	0	0	0.195
2010	4	24	0	0	0.195
2010	4	25	0	0	0.195
2010	4	26	0	0	0.190
2010	4	27	0	0	0.194
2010	4	28	0	0	0.182
2010	4	29	0	0	0.194
2010	4	30	0	0	0.194
2010	5	1	0	0	0.194
2010	5	2	0	0	0.194
2010	5	3	0	0	0.194
2010	5	4	0	0	0.186
2010	5	5	0	0	0.199
2010	5	6	0	0	0.178
2010	5	7	0	0	0.196
2010	5	8	0	0	0.196
2010	5	9	0	0	0.196
2010	5	10	0	0	0.201
2010	5	11	0	0	0.199
2010	5	12	0	0	0.201
2010	5	13	0	0	0.202
2010	5	14	0	0	0.193
2010	5	15	0	0	0.193
2010	5	16	0	0	0.193
2010	5	17	0	0	0.197
2010	5	18	0	0	0.196
2010	5	19	0	0	0.195
2010	5	20	0	0	0.195
2010	5	21	0	0	0.204
2010	5	22	0	0	0.204
2010	5	23	0	0	0.204
2010	5	24	0	0	0.199
2010	5	25	0	0	0.201
2010	5	26	0	0	0.205
2010	5	27	0	0	0.189
2010	5	28	0	0	0.196
2010	5	29	0	0	0.196
2010	5	30	0	0	0.196
2010	5	31	0	0	0.196
2010	6	1	0	0	0.187
2010	6	2	0	0	0.197
2010	6	3	0	0	0.200
2010	6	4	0	0	0.202
2010	6	5	0	0	0.202
2010	6	6	0	0	0.202
2010	6	7	0	0	0.210
2010	6	8	0	0	0.171
2010	6	9	0	0	0.189
2010	6	10	0	0	0.179
2010	6	11	0	0	0.223
2010	6	12	0	0	0.223
2010	6	13	0	0	0.223
2010	6	14	0	0	0.211
2010	6	15	0	0	0.196
2010	6	16	0	0	0.200
2010	6	17	0	0	0.199
2010	6	18	0	0	0.197
2010	6	19	0	0	0.197
2010	6	20	0	0	0.197
2010	6	21	0	0	0.195
2010	6	22	0	0	0.197
2010	6	23	0	0	0.192
2010	6	24	0	0	0.193
2010	6	25	0	0	0.195
2010	6	26	0	0	0.195
2010	6	27	0	0	0.195
2010	6	28	0	0	0.193
2010	6	29	0	0	0.190
2010	6	30	0	0	0.200
2010	7	1	0	0	0.185
2010	7	2	0	0	0.185
2010	7	3	0	0	0.185
2010	7	4	0	0	0.185
2010	7	5	0	0	0.191
2010	7	6	0	0	0.185
2010	7	7	0	0	0.194
2010	7	8	0	0	0.187
2010	7	9	0	0	0.180
2010	7	10	0	0	0.180
2010	7	11	0	0	0.180
2010	7	12	0	0	0.192
2010	7	13	0	0	0.183
2010	7	14	0	0	0.173
2010	7	15	0	0	0.189
2010	7	16	0	0	0.175
2010	7	17	0	0	0.175
2010	7	18	0	0	0.175
2010	7	19	0	0	0.212
2010	7	20	0	0	0.171
2010	7	21	0	0	0.176
2010	7	22	0	0	0.186
2010	7	23	0	0	0.186
2010	7	24	0	0	0.186
2010	7	25	0	0	0.186
2010	7	26	0	0	0.210
2010	7	27	0	0	0.166
2010	7	28	0	0	0.193
2010	7	29	0	0	0.191
2010	7	30	0	0	0.179
2010	7	31	0	0	0.179
2010	8	1	0	0	0.179
2010	8	2	0	0	0.191
2010	8	3	0	0	0.179
2010	8	4	0	0	0.184
2010	8	5	0	0	0.190
2010	8	6	0	0	0.186
2010	8	7	0	0	0.186
2010	8	8	0	0	0.186
2010	8	9	0	0	0.170
2010	8	10	0	0	0.191
2010	8	11	0	0	0.184
2010	8	12	0	0	0.181
2010	8	13	0	0	0.189
2010	8	14	0	0	0.189
2010	8	15	0	0	0.189
2010	8	16	0	0	0.184
2010	8	17	0	0	0.180
2010	8	18	0	0	0.187
2010	8	19	0	0	0.177
2010	8	20	0	0	0.178
2010	8	21	0	0	0.178
2010	8	22	0	0	0.178
2010	8	23	0	0	0.177
2010	8	24	0	0	0.186
2010	8	25	0	0	0.180
2010	8	26	0	0	0.179
2010	8	27	0	0	0.182
2010	8	28	0	0	0.182
2010	8	29	0	0	0.182
2010	8	30	0	0	0.182
2010	8	31	0	0	0.185
2010	9	1	0	0	0.172
2010	9	2	0	0	0.193
2010	9	3	0	0	0.185
2010	9	4	0	0	0.185
2010	9	5	0	0	0.185
2010	9	6	0	0	0.181
2010	9	7	0	0	0.170
2010	9	8	0	0	0.186
2010	9	9	0	0	0.180
2010	9	10	0	0	0.176
2010	9	11	0	0	0.176
2010	9	12	0	0	0.176
2010	9	13	0	0	0.170
2010	9	14	0	0	0.179
2010	9	15	0	0	0.170
2010	9	16	0	0	0.186
2010	9	17	0	0	0.178
2010	9	18	0	0	0.178
2010	9	19	0	0	0.178
2010	9	20	0	0	0.180
2010	9	21	0	0	0.180
2010	9	22	0	0	0.171
2010	9	23	0	0	0.176
2010	9	24	0	0	0.180
2010	9	25	0	0	0.180
2010	9	26	0	0	0.180
2010	9	27	0	0	0.171
2010	9	28	0	0	0.185
2010	9	29	0	0	0.161
2010	9	30	0	0	0.160
2010	10	1	0	0	0.179
2010	10	2	0	0	0.179
2010	10	3	0	0	0.179
2010	10	4	0	0	0.183
2010	10	5	0	0	0.178
2010	10	6	0	0	0.177
2010	10	7	0	0	0.173
2010	10	8	0	0	0.179
2010	10	9	0	0	0.179
2010	10	10	0	0	0.179
2010	10	11	0	0	0.193
2010	10	12	0	0	0.178
2010	10	13	0	0	0.187
2010	10	14	0	0	0.177
2010	10	15	0	0	0.189
2010	10	16	0	0	0.189
2010	10	17	0	0	0.189
2010	10	18	0	0	0.179
2010	10	19	0	0	0.183
2010	10	20	0	0	0.182
2010	10	21	0	0	0.184
2010	10	22	0	0	0.180
2010	10	23	0	0	0.180
2010	10	24	0	0	0.180
2010	10	25	0	0	0.179
2010	10	26	0	0	0.182
2010	10	27	0	0	0.180
2010	10	28	0	0	0.184
2010	10	29	0	0	0.172
2010	10	30	0	0	0.172
2010	10	31	0	0	0.172
2010	11	1	0	0	0.233
2010	11	2	0	0	0.166
2010	11	3	0	0	0.191
2010	11	4	0	0	0.188
2010	11	5	0	0	0.172
2010	11	6	0	0	0.172
2010	11	7	0	0	0.172
2010	11	8	0	0	0.175
2010	11	9	0	0	0.182
2010	11	10	0	0	0.179
2010	11	11	0	0	0.196
2010	11	12	0	0	0.177
2010	11	13	0	0	0.177
2010	11	14	0	0	0.177
2010	11	15	0	0	0.186
2010	11	16	0	0	0.182
2010	11	17	0	0	0.175
2010	11	18	0	0	0.180
2010	11	19	0	0	0.176
2010	11	20	0	0	0.176
2010	11	21	0	0	0.176
2010	11	22	0	0	0.171
2010	11	23	0	0	0.164
2010	11	24	0	0	0.195
2010	11	25	0	0	0.171
2010	11	26	0	0	0.175
2010	11	27	0	0	0.175
2010	11	28	0	0	0.175
2010	11	29	0	0	0.184
2010	11	30	0	0	0.175
2010	12	1	0	0	0.176
2010	12	2	0	0	0.180
2010	12	3	0	0	0.196
2010	12	4	0	0	0.196
2010	12	5	0	0	0.196
2010	12	6	0	0	0.194
2010	12	7	0	0	0.192
2010	12	8	0	0	0.187
2010	12	9	0	0	0.195
2010	12	10	0	0	0.210
2010	12	11	0	0	0.210
2010	12	12	0	0	0.210
2010	12	13	0	0	0.196
2010	12	14	0	0	0.195
2010	12	15	0	0	0.197
2010	12	16	0	0	0.180
2010	12	17	0	0	0.193
2010	12	18	0	0	0.193
2010	12	19	0	0	0.193
2010	12	20	0	0	0.194
2010	12	21	0	0	0.188
2010	12	22	0	0	0.183
2010	12	23	0	0	0.187
2010	12	24	0	0	0.216
2010	12	25	0	0	0.216
2010	12	26	0	0	0.216
2010	12	27	0	0	0.216
2010	12	28	0	0	0.216
2010	12	29	0	0	0.261
2010	12	30	0	0	0.235
2010	12	31	0	0	0.212
2011	1	1	0	0	0.212
2011	1	2	0	0	0.212
2011	1	3	0	0	0.212
2011	1	4	0	0	0.206
2011	1	5	0	0	0.233
2011	1	6	0	0	0.208
2011	1	7	0	0	0.205
2011	1	8	0	0	0.205
2011	1	9	0	0	0.205
2011	1	10	0	0	0.211
2011	1	11	0	0	0.211
2011	1	12	0	0	0.208
2011	1	13	0	0	0.207
2011	1	14	0	0	0.197
2011	1	15	0	0	0.197
2011	1	16	0	0	0.197
2011	1	17	0	0	0.199
2011	1	18	0	0	0.197
2011	1	19	0	0	0.194
2011	1	20	0	0	0.201
2011	1	21	0	0	0.201
2011	1	22	0	0	0.201
2011	1	23	0	0	0.191
2011	1	24	0	0	0.197
2011	1	25	0	0	0.218
2011	1	26	0	0	0.182
2011	1	27	0	0	0.198
2011	1	28	0	0	0.196
2011	1	29	0	0	0.196
2011	1	30	0	0	0.196
2011	1	31	0	0	0.195
2011	2	1	0	0	0.190
2011	2	2	0	0	0.186
2011	2	3	0	0	0.204
2011	2	4	0	0	0.192
2011	2	5	0	0	0.192
2011	2	6	0	0	0.192
2011	2	7	0	0	0.180
2011	2	8	0	0	0.196
2011	2	9	0	0	0.187
2011	2	10	0	0	0.202
2011	2	11	0	0	0.189
2011	2	12	0	0	0.189
2011	2	13	0	0	0.189
2011	2	14	0	0	0.185
2011	2	15	0	0	0.184
2011	2	16	0	0	0.200
2011	2	17	0	0	0.183
2011	2	18	0	0	0.189
2011	2	19	0	0	0.189
2011	2	20	0	0	0.189
2011	2	21	0	0	0.189
2011	2	22	0	0	0.187
2011	2	23	0	0	0.183
2011	2	24	0	0	0.192
2011	2	25	0	0	0.191
2011	2	26	0	0	0.191
2011	2	27	0	0	0.191
2011	2	28	0	0	0.181
2011	3	1	0	0	0.184
2011	3	2	0	0	0.193
2011	3	3	0	0	0.189
2011	3	4	0	0	0.191
2011	3	5	0	0	0.191
2011	3	6	0	0	0.191
2011	3	7	0	0	0.186
2011	3	8	0	0	0.176
2011	3	9	0	0	0.200
2011	3	10	0	0	0.179
2011	3	11	0	0	0.191
2011	3	12	0	0	0.191
2011	3	13	0	0	0.191
2011	3	14	0	0	0.185
2011	3	15	0	0	0.181
2011	3	16	0	0	0.195
2011	3	17	0	0	0.181
2011	3	18	0	0	0.189
2011	3	19	0	0	0.189
2011	3	20	0	0	0.189
2011	3	21	0	0	0.188
2011	3	22	0	0	0.196
2011	3	23	0	0	0.202
2011	3	24	0	0	0.200
2011	3	25	0	0	0.199
2011	3	26	0	0	0.199
2011	3	27	0	0	0.199
2011	3	28	0	0	0.196
2011	3	29	0	0	0.202
2011	3	30	0	0	0.193
2011	3	31	0	0	0.191
2011	4	1	0	0	0.196
2011	4	2	0	0	0.196
2011	4	3	0	0	0.196
2011	4	4	0	0	0.193
2011	4	5	0	0	0.199
2011	4	6	0	0	0.200
2011	4	7	0	0	0.190
2011	4	8	0	0	0.205
2011	4	9	0	0	0.205
2011	4	10	0	0	0.205
2011	4	11	0	0	0.198
2011	4	12	0	0	0.200
2011	4	13	0	0	0.189
2011	4	14	0	0	0.207
2011	4	15	0	0	0.199
2011	4	16	0	0	0.199
2011	4	17	0	0	0.199
2011	4	18	0	0	0.201
2011	4	19	0	0	0.205
2011	4	20	0	0	0.206
2011	4	21	0	0	0.203
2011	4	22	0	0	0.203
2011	4	23	0	0	0.203
2011	4	24	0	0	0.203
2011	4	25	0	0	0.203
2011	4	26	0	0	0.211
2011	4	27	0	0	0.227
2011	4	28	0	0	0.195
2011	4	29	0	0	0.195
2011	4	30	0	0	0.195
2011	5	1	0	0	0.195
2011	5	2	0	0	0.195
2011	5	3	0	0	0.198
2011	5	4	0	0	0.198
2011	5	5	0	0	0.196
2011	5	6	0	0	0.181
2011	5	7	0	0	0.179
2011	5	8	0	0	0.179
2011	5	9	0	0	0.184
2011	5	10	0	0	0.184
2011	5	11	0	0	0.178
2011	5	12	0	0	0.181
2011	5	13	0	0	0.186
2011	5	14	0	0	0.186
2011	5	15	0	0	0.186
2011	5	16	0	0	0.174
2011	5	17	0	0	0.191
2011	5	18	0	0	0.189
2011	5	19	0	0	0.188
2011	5	20	0	0	0.185
2011	5	21	0	0	0.185
2011	5	22	0	0	0.185
2011	5	23	0	0	0.165
2011	5	24	0	0	0.188
2011	5	25	0	0	0.182
2011	5	26	0	0	0.184
2011	5	27	0	0	0.182
2011	5	28	0	0	0.182
2011	5	29	0	0	0.182
2011	5	30	0	0	0.182
2011	5	31	0	0	0.185
2011	6	1	0	0	0.194
2011	6	2	0	0	0.198
2011	6	3	0	0	0.190
2011	6	4	0	0	0.190
2011	6	5	0	0	0.190
2011	6	6	0	0	0.199
2011	6	7	0	0	0.191
2011	6	8	0	0	0.180
2011	6	9	0	0	0.191
2011	6	10	0	0	0.184
2011	6	11	0	0	0.184
2011	6	12	0	0	0.184
2011	6	13	0	0	0.180
2011	6	14	0	0	0.194
2011	6	15	0	0	0.182
2011	6	16	0	0	0.184
2011	6	17	0	0	0.166
2011	6	18	0	0	0.166
2011	6	19	0	0	0.166
2011	6	20	0	0	0.178
2011	6	21	0	0	0.170
2011	6	22	0	0	0.242
2011	6	23	0	0	0.211
2011	6	24	0	0	0.210
2011	6	25	0	0	0.210
2011	6	26	0	0	0.210
2011	6	27	0	0	0.193
2011	6	28	0	0	0.200
2011	6	29	0	0	0.186
2011	6	30	0	0	0.186
2011	7	1	0	0	0.200
2011	7	2	0	0	0.200
2011	7	3	0	0	0.200
2011	7	4	0	0	0.178
2011	7	5	0	0	0.204
2011	7	6	0	0	0.187
2011	7	7	0	0	0.166
2011	7	8	0	0	0.209
2011	7	9	0	0	0.209
2011	7	10	0	0	0.209
2011	7	11	0	0	0.201
2011	7	12	0	0	0.198
2011	7	13	0	0	0.207
2011	7	14	0	0	0.201
2011	7	15	0	0	0.176
2011	7	16	0	0	0.176
2011	7	17	0	0	0.176
2011	7	18	0	0	0.154
2011	7	19	0	0	0.184
2011	7	20	0	0	0.207
2011	7	21	0	0	0.216
2011	7	22	0	0	0.202
2011	7	23	0	0	0.202
2011	7	24	0	0	0.202
2011	7	25	0	0	0.201
2011	7	26	0	0	0.222
2011	7	27	0	0	0.211
2011	7	28	0	0	0.168
2011	7	29	0	0	0.225
2011	7	30	0	0	0.225
2011	7	31	0	0	0.225
2011	8	1	0	0	0.199
2011	8	2	0	0	0.192
2011	8	3	0	0	0.203
2011	8	4	0	0	0.178
2011	8	5	0	0	0.188
2011	8	6	0	0	0.188
2011	8	7	0	0	0.188
2011	8	8	0	0	0.183
2011	8	9	0	0	0.202
2011	8	10	0	0	0.189
2011	8	11	0	0	0.188
2011	8	12	0	0	0.185
2011	8	13	0	0	0.185
2011	8	14	0	0	0.185
2011	8	15	0	0	0.174
2011	8	16	0	0	0.173
2011	8	17	0	0	0.193
2011	8	18	0	0	0.192
2011	8	19	0	0	0.187
2011	8	20	0	0	0.187
2011	8	21	0	0	0.187
2011	8	22	0	0	0.152
2011	8	23	0	0	0.225
2011	8	24	0	0	0.179
2011	8	25	0	0	0.190
2011	8	26	0	0	0.194
2011	8	27	0	0	0.194
2011	8	28	0	0	0.194
2011	8	29	0	0	0.194
2011	8	30	0	0	0.181
2011	8	31	0	0	0.194
2011	9	1	0	0	0.186
2011	9	2	0	0	0.192
2011	9	3	0	0	0.192
2011	9	4	0	0	0.192
2011	9	5	0	0	0.179
2011	9	6	0	0	0.205
2011	9	7	0	0	0.186
2011	9	8	0	0	0.190
2011	9	9	0	0	0.181
2011	9	10	0	0	0.181
2011	9	11	0	0	0.181
2011	9	12	0	0	0.179
2011	9	13	0	0	0.190
2011	9	14	0	0	0.173
2011	9	15	0	0	0.192
2011	9	16	0	0	0.183
2011	9	17	0	0	0.183
2011	9	18	0	0	0.183
2011	9	19	0	0	0.188
2011	9	20	0	0	0.189
2011	9	21	0	0	0.188
2011	9	22	0	0	0.179
2011	9	23	0	0	0.189
2011	9	24	0	0	0.189
2011	9	25	0	0	0.189
2011	9	26	0	0	0.196
2011	9	27	0	0	0.190
2011	9	28	0	0	0.199
2011	9	29	0	0	0.185
2011	9	30	0	0	0.186
2011	10	1	0	0	0.186
2011	10	2	0	0	0.186
2011	10	3	0	0	0.179
2011	10	4	0	0	0.185
2011	10	5	0	0	0.178
2011	10	6	0	0	0.182
2011	10	7	0	0	0.183
2011	10	8	0	0	0.183
2011	10	9	0	0	0.183
2011	10	10	0	0	0.184
2011	10	11	0	0	0.186
2011	10	12	0	0	0.171
2011	10	13	0	0	0.192
2011	10	14	0	0	0.188
2011	10	15	0	0	0.188
2011	10	16	0	0	0.188
2011	10	17	0	0	0.187
2011	10	18	0	0	0.175
2011	10	19	0	0	0.197
2011	10	20	0	0	0.178
2011	10	21	0	0	0.189
2011	10	22	0	0	0.189
2011	10	23	0	0	0.189
2011	10	24	0	0	0.169
2011	10	25	0	0	0.187
2011	10	26	0	0	0.194
2011	10	27	0	0	0.166
2011	10	28	0	0	0.186
2011	10	29	0	0	0.186
2011	10	30	0	0	0.186
2011	10	31	0	0	0.199
2011	11	1	0	0	0.193
2011	11	2	0	0	0.183
2011	11	3	0	0	0.186
2011	11	4	0	0	0.187
2011	11	5	0	0	0.187
2011	11	6	0	0	0.187
2011	11	7	0	0	0.188
2011	11	8	0	0	0.184
2011	11	9	0	0	0.185
2011	11	10	0	0	0.188
2011	11	11	0	0	0.187
2011	11	12	0	0	0.187
2011	11	13	0	0	0.187
2011	11	14	0	0	0.178
2011	11	15	0	0	0.190
2011	11	16	0	0	0.193
2011	11	17	0	0	0.183
2011	11	18	0	0	0.186
2011	11	19	0	0	0.186
2011	11	20	0	0	0.186
2011	11	21	0	0	0.184
2011	11	22	0	0	0.187
2011	11	23	0	0	0.188
2011	11	24	0	0	0.182
2011	11	25	0	0	0.187
2011	11	26	0	0	0.187
2011	11	27	0	0	0.187
2011	11	28	0	0	0.178
2011	11	29	0	0	0.184
2011	11	30	0	0	0.179
2011	12	1	0	0	0.176
2011	12	2	0	0	0.189
2011	12	3	0	0	0.189
2011	12	4	0	0	0.189
2011	12	5	0	0	0.169
2011	12	6	0	0	0.190
2011	12	7	0	0	0.173
2011	12	8	0	0	0.185
2011	12	9	0	0	0.184
2011	12	10	0	0	0.184
2011	12	11	0	0	0.184
2011	12	12	0	0	0.185
2011	12	13	0	0	0.175
2011	12	14	0	0	0.179
2011	12	15	0	0	0.182
2011	12	16	0	0	0.186
2011	12	17	0	0	0.186
2011	12	18	0	0	0.186
2011	12	19	0	0	0.170
2011	12	20	0	0	0.184
2011	12	21	0	0	0.186
2011	12	22	0	0	0.194
2011	12	23	0	0	0.182
2011	12	24	0	0	0.182
2011	12	25	0	0	0.182
2011	12	26	0	0	0.182
2011	12	27	0	0	0.182
2011	12	28	0	0	0.182
2011	12	29	0	0	0.182
2011	12	30	0	0	0.183
2011	12	31	0	0	0.183
2012	1	1	0	0	0.183
2012	1	2	0	0	0.183
2012	1	3	0	0	0.177
2012	1	4	0	0	0.196
2012	1	5	0	0	0.177
2012	1	6	0	0	0.190
2012	1	7	0	0	0.190
2012	1	8	0	0	0.190
2012	1	9	0	0	0.162
2012	1	10	0	0	0.189
2012	1	11	0	0	0.186
2012	1	12	0	0	0.185
2012	1	13	0	0	0.186
2012	1	14	0	0	0.186
2012	1	15	0	0	0.186
2012	1	16	0	0	0.186
2012	1	17	0	0	0.183
2012	1	18	0	0	0.184
2012	1	19	0	0	0.196
2012	1	20	0	0	0.187
2012	1	21	0	0	0.187
2012	1	22	0	0	0.187
2012	1	23	0	0	0.175
2012	1	24	0	0	0.177
2012	1	25	0	0	0.189
2012	1	26	0	0	0.185
2012	1	27	0	0	0.185
2012	1	28	0	0	0.185
2012	1	29	0	0	0.185
2012	1	30	0	0	0.189
2012	1	31	0	0	0.183
2012	2	1	0	0	0.178
2012	2	2	0	0	0.188
2012	2	3	0	0	0.186
2012	2	4	0	0	0.186
2012	2	5	0	0	0.186
2012	2	6	0	0	0.178
2012	2	7	0	0	0.187
2012	2	8	0	0	0.192
2012	2	9	0	0	0.170
2012	2	10	0	0	0.187
2012	2	11	0	0	0.187
2012	2	12	0	0	0.187
2012	2	13	0	0	0.184
2012	2	14	0	0	0.190
2012	2	15	0	0	0.181
2012	2	16	0	0	0.171
2012	2	17	0	0	0.186
2012	2	18	0	0	0.186
2012	2	19	0	0	0.186
2012	2	20	0	0	0.179
2012	2	21	0	0	0.180
2012	2	22	0	0	0.180
2012	2	23	0	0	0.194
2012	2	24	0	0	0.190
2012	2	25	0	0	0.190
2012	2	26	0	0	0.190
2012	2	27	0	0	0.173
2012	2	28	0	0	0.178
2012	2	29	0	0	0.172
2012	3	1	0	0	0.198
2012	3	2	0	0	0.193
2012	3	3	0	0	0.193
2012	3	4	0	0	0.193
2012	3	5	0	0	0.190
2012	3	6	0	0	0.181
2012	3	7	0	0	0.183
2012	3	8	0	0	0.184
2012	3	9	0	0	0.189
2012	3	10	0	0	0.189
2012	3	11	0	0	0.189
2012	3	12	0	0	0.202
2012	3	13	0	0	0.218
2012	3	14	0	0	0.200
2012	3	15	0	0	0.196
2012	3	16	0	0	0.187
2012	3	17	0	0	0.187
2012	3	18	0	0	0.187
2012	3	19	0	0	0.182
2012	3	20	0	0	0.187
2012	3	21	0	0	0.195
2012	3	22	0	0	0.193
2012	3	23	0	0	0.189
2012	3	24	0	0	0.189
2012	3	25	0	0	0.189
2012	3	26	0	0	0.186
2012	3	27	0	0	0.187
2012	3	28	0	0	0.188
2012	3	29	0	0	0.192
2012	3	30	0	0	0.189
2012	3	31	0	0	0.189
2012	4	1	0	0	0.189
2012	4	2	0	0	0.176
2012	4	3	0	0	0.180
2012	4	4	0	0	0.194
2012	4	5	0	0	0.188
2012	4	6	0	0	0.188
2012	4	7	0	0	0.188
2012	4	8	0	0	0.188
2012	4	9	0	0	0.188
2012	4	10	0	0	0.173
2012	4	11	0	0	0.180
2012	4	12	0	0	0.184
2012	4	13	0	0	0.185
2012	4	14	0	0	0.185
2012	4	15	0	0	0.185
2012	4	16	0	0	0.180
2012	4	17	0	0	0.179
2012	4	18	0	0	0.189
2012	4	19	0	0	0.182
2012	4	20	0	0	0.186
2012	4	21	0	0	0.186
2012	4	22	0	0	0.186
2012	4	23	0	0	0.200
2012	4	24	0	0	0.180
2012	4	25	0	0	0.205
2012	4	26	0	0	0.203
2012	4	27	0	0	0.184
2012	4	28	0	0	0.184
2012	4	29	0	0	0.184
2012	4	30	0	0	0.175
2012	5	1	0	0	0.153
2012	5	2	0	0	0.219
2012	5	3	0	0	0.186
2012	5	4	0	0	0.182
2012	5	5	0	0	0.182
2012	5	6	0	0	0.182
2012	5	7	0	0	0.182
2012	5	8	0	0	0.185
2012	5	9	0	0	0.183
2012	5	10	0	0	0.183
2012	5	11	0	0	0.173
2012	5	12	0	0	0.173
2012	5	13	0	0	0.173
2012	5	14	0	0	0.178
2012	5	15	0	0	0.184
2012	5	16	0	0	0.183
2012	5	17	0	0	0.181
2012	5	18	0	0	0.184
2012	5	19	0	0	0.184
2012	5	20	0	0	0.184
2012	5	21	0	0	0.201
2012	5	22	0	0	0.200
2012	5	23	0	0	0.191
2012	5	24	0	0	0.200
2012	5	25	0	0	0.196
2012	5	26	0	0	0.196
2012	5	27	0	0	0.196
2012	5	28	0	0	0.184
2012	5	29	0	0	0.188
2012	5	30	0	0	0.204
2012	5	31	0	0	0.201
2012	6	1	0	0	0.193
2012	6	2	0	0	0.193
2012	6	3	0	0	0.193
2012	6	4	0	0	0.193
2012	6	5	0	0	0.193
2012	6	6	0	0	0.181
2012	6	7	0	0	0.179
2012	6	8	0	0	0.184
2012	6	9	0	0	0.184
2012	6	10	0	0	0.184
2012	6	11	0	0	0.212
2012	6	12	0	0	0.217
2012	6	13	0	0	0.191
2012	6	14	0	0	0.182
2012	6	15	0	0	0.181
2012	6	16	0	0	0.181
2012	6	17	0	0	0.181
2012	6	18	0	0	0.182
2012	6	19	0	0	0.181
2012	6	20	0	0	0.189
2012	6	21	0	0	0.171
2012	6	22	0	0	0.197
2012	6	23	0	0	0.197
2012	6	24	0	0	0.197
2012	6	25	0	0	0.191
2012	6	26	0	0	0.174
2012	6	27	0	0	0.173
2012	6	28	0	0	0.177
2012	6	29	0	0	0.176
2012	6	30	0	0	0.176
2012	7	1	0	0	0.176
2012	7	2	0	0	0.172
2012	7	3	0	0	0.149
2012	7	4	0	0	0.188
2012	7	5	0	0	0.207
2012	7	6	0	0	0.180
2012	7	7	0	0	0.180
2012	7	8	0	0	0.180
2012	7	9	0	0	0.175
2012	7	10	0	0	0.177
2012	7	11	0	0	0.210
2012	7	12	0	0	0.173
2012	7	13	0	0	0.189
2012	7	14	0	0	0.189
2012	7	15	0	0	0.189
2012	7	16	0	0	0.176
2012	7	17	0	0	0.176
2012	7	18	0	0	0.183
2012	7	19	0	0	0.208
2012	7	20	0	0	0.181
2012	7	21	0	0	0.181
2012	7	22	0	0	0.181
2012	7	23	0	0	0.180
2012	7	24	0	0	0.193
2012	7	25	0	0	0.193
2012	7	26	0	0	0.171
2012	7	27	0	0	0.189
2012	7	28	0	0	0.189
2012	7	29	0	0	0.189
2012	7	30	0	0	0.175
2012	7	31	0	0	0.189
2012	8	1	0	0	0.229
2012	8	2	0	0	0.239
2012	8	3	0	0	0.177
2012	8	4	0	0	0.177
2012	8	5	0	0	0.177
2012	8	6	0	0	0.173
2012	8	7	0	0	0.190
2012	8	8	0	0	0.190
2012	8	9	0	0	0.188
2012	8	10	0	0	0.189
2012	8	11	0	0	0.189
2012	8	12	0	0	0.189
2012	8	13	0	0	0.175
2012	8	14	0	0	0.188
2012	8	15	0	0	0.164
2012	8	16	0	0	0.181
2012	8	17	0	0	0.182
2012	8	18	0	0	0.182
2012	8	19	0	0	0.182
2012	8	20	0	0	0.176
2012	8	21	0	0	0.186
2012	8	22	0	0	0.192
2012	8	23	0	0	0.177
2012	8	24	0	0	0.179
2012	8	25	0	0	0.179
2012	8	26	0	0	0.179
2012	8	27	0	0	0.178
2012	8	28	0	0	0.161
2012	8	29	0	0	0.172
2012	8	30	0	0	0.184
2012	8	31	0	0	0.188
2012	9	1	0	0	0.188
2012	9	2	0	0	0.188
2012	9	3	0	0	0.187
2012	9	4	0	0	0.186
2012	9	5	0	0	0.191
2012	9	6	0	0	0.189
2012	9	7	0	0	0.180
2012	9	8	0	0	0.180
2012	9	9	0	0	0.180
2012	9	10	0	0	0.180
2012	9	11	0	0	0.176
2012	9	12	0	0	0.192
2012	9	13	0	0	0.173
2012	9	14	0	0	0.183
2012	9	15	0	0	0.183
2012	9	16	0	0	0.183
2012	9	17	0	0	0.188
2012	9	18	0	0	0.176
2012	9	19	0	0	0.182
2012	9	20	0	0	0.186
2012	9	21	0	0	0.181
2012	9	22	0	0	0.181
2012	9	23	0	0	0.181
2012	9	24	0	0	0.183
2012	9	25	0	0	0.167
2012	9	26	0	0	0.185
2012	9	27	0	0	0.190
2012	9	28	0	0	0.184
2012	9	29	0	0	0.184
2012	9	30	0	0	0.184
2012	10	1	0	0	0.194
2012	10	2	0	0	0.152
2012	10	3	0	0	0.159
2012	10	4	0	0	0.226
2012	10	5	0	0	0.180
2012	10	6	0	0	0.180
2012	10	7	0	0	0.180
2012	10	8	0	0	0.158
2012	10	9	0	0	0.193
2012	10	10	0	0	0.188
2012	10	11	0	0	0.178
2012	10	12	0	0	0.180
2012	10	13	0	0	0.180
2012	10	14	0	0	0.180
2012	10	15	0	0	0.180
2012	10	16	0	0	0.183
2012	10	17	0	0	0.189
2012	10	18	0	0	0.184
2012	10	19	0	0	0.185
2012	10	20	0	0	0.185
2012	10	21	0	0	0.185
2012	10	22	0	0	0.181
2012	10	23	0	0	0.175
2012	10	24	0	0	0.183
2012	10	25	0	0	0.173
2012	10	26	0	0	0.159
2012	10	27	0	0	0.159
2012	10	28	0	0	0.159
2012	10	29	0	0	0.218
2012	10	30	0	0	0.192
2012	10	31	0	0	0.174
2012	11	1	0	0	0.166
2012	11	2	0	0	0.176
2012	11	3	0	0	0.176
2012	11	4	0	0	0.176
2012	11	5	0	0	0.184
2012	11	6	0	0	0.172
2012	11	7	0	0	0.181
2012	11	8	0	0	0.169
2012	11	9	0	0	0.183
2012	11	10	0	0	0.183
2012	11	11	0	0	0.183
2012	11	12	0	0	0.179
2012	11	13	0	0	0.158
2012	11	14	0	0	0.202
2012	11	15	0	0	0.168
2012	11	16	0	0	0.183
2012	11	17	0	0	0.183
2012	11	18	0	0	0.183
2012	11	19	0	0	0.158
2012	11	20	0	0	0.175
2012	11	21	0	0	0.168
2012	11	22	0	0	0.161
2012	11	23	0	0	0.179
2012	11	24	0	0	0.179
2012	11	25	0	0	0.179
2012	11	26	0	0	0.175
2012	11	27	0	0	0.163
2012	11	28	0	0	0.175
2012	11	29	0	0	0.178
2012	11	30	0	0	0.183
2012	12	1	0	0	0.183
2012	12	2	0	0	0.183
2012	12	3	0	0	0.170
2012	12	4	0	0	0.181
2012	12	5	0	0	0.181
2012	12	6	0	0	0.176
2012	12	7	0	0	0.183
2012	12	8	0	0	0.183
2012	12	9	0	0	0.183
2012	12	10	0	0	0.176
2012	12	11	0	0	0.173
2012	12	12	0	0	0.194
2012	12	13	0	0	0.172
2012	12	14	0	0	0.183
2012	12	15	0	0	0.183
2012	12	16	0	0	0.183
2012	12	17	0	0	0.172
2012	12	18	0	0	0.169
2012	12	19	0	0	0.179
2012	12	20	0	0	0.176
2012	12	21	0	0	0.175
2012	12	22	0	0	0.175
2012	12	23	0	0	0.175
2012	12	24	0	0	0.167
2012	12	25	0	0	0.167
2012	12	26	0	0	0.167
2012	12	27	0	0	0.175
2012	12	28	0	0	0.176
2012	12	29	0	0	0.176
2012	12	30	0	0	0.176
2012	12	31	0	0	0.165
2013	1	1	0	0	0.165
2013	1	2	0	0	0.164
2013	1	3	0	0	0.167
2013	1	4	0	0	0.180
2013	1	5	0	0	0.180
2013	1	6	0	0	0.180
2013	1	7	0	0	0.183
2013	1	8	0	0	0.175
2013	1	9	0	0	0.172
2013	1	10	0	0	0.172
2013	1	11	0	0	0.173
2013	1	12	0	0	0.173
2013	1	13	0	0	0.173
2013	1	14	0	0	0.165
2013	1	15	0	0	0.181
2013	1	16	0	0	0.171
2013	1	17	0	0	0.178
2013	1	18	0	0	0.174
2013	1	19	0	0	0.174
2013	1	20	0	0	0.174
2013	1	21	0	0	0.168
2013	1	22	0	0	0.175
2013	1	23	0	0	0.171
2013	1	24	0	0	0.171
2013	1	25	0	0	0.175
2013	1	26	0	0	0.175
2013	1	27	0	0	0.175
2013	1	28	0	0	0.181
2013	1	29	0	0	0.173
2013	1	30	0	0	0.169
2013	1	31	0	0	0.175
2013	2	1	0	0	0.172
2013	2	2	0	0	0.172
2013	2	3	0	0	0.172
2013	2	4	0	0	0.193
2013	2	5	0	0	0.168
2013	2	6	0	0	0.154
2013	2	7	0	0	0.202
2013	2	8	0	0	0.160
2013	2	9	0	0	0.160
2013	2	10	0	0	0.160
2013	2	11	0	0	0.166
2013	2	12	0	0	0.157
2013	2	13	0	0	0.167
2013	2	14	0	0	0.166
2013	2	15	0	0	0.202
2013	2	16	0	0	0.202
2013	2	17	0	0	0.202
2013	2	18	0	0	0.167
2013	2	19	0	0	0.165
2013	2	20	0	0	0.205
2013	2	21	0	0	0.163
2013	2	22	0	0	0.168
2013	2	23	0	0	0.168
2013	2	24	0	0	0.168
2013	2	25	0	0	0.164
2013	2	26	0	0	0.166
2013	2	27	0	0	0.173
2013	2	28	0	0	0.168
2013	3	1	0	0	0.168
2013	3	2	0	0	0.168
2013	3	3	0	0	0.168
2013	3	4	0	0	0.201
2013	3	5	0	0	0.161
2013	3	6	0	0	0.175
2013	3	7	0	0	0.167
2013	3	8	0	0	0.168
2013	3	9	0	0	0.168
2013	3	10	0	0	0.168
2013	3	11	0	0	0.159
2013	3	12	0	0	0.183
2013	3	13	0	0	0.211
2013	3	14	0	0	0.175
2013	3	15	0	0	0.180
2013	3	16	0	0	0.180
2013	3	17	0	0	0.180
2013	3	18	0	0	0.162
2013	3	19	0	0	0.174
2013	3	20	0	0	0.174
2013	3	21	0	0	0.170
2013	3	22	0	0	0.168
2013	3	23	0	0	0.168
2013	3	24	0	0	0.168
2013	3	25	0	0	0.165
2013	3	26	0	0	0.179
2013	3	27	0	0	0.171
2013	3	28	0	0	0.158
2013	3	29	0	0	0.158
2013	3	30	0	0	0.158
2013	3	31	0	0	0.158
2013	4	1	0	0	0.158
2013	4	2	0	0	0.176
2013	4	3	0	0	0.228
2013	4	4	0	0	0.198
2013	4	5	0	0	0.192
2013	4	6	0	0	0.192
2013	4	7	0	0	0.192
2013	4	8	0	0	0.200
2013	4	9	0	0	0.195
2013	4	10	0	0	0.198
2013	4	11	0	0	0.176
2013	4	12	0	0	0.207
2013	4	13	0	0	0.207
2013	4	14	0	0	0.207
2013	4	15	0	0	0.200
2013	4	16	0	0	0.211
2013	4	17	0	0	0.180
2013	4	18	0	0	0.222
2013	4	19	0	0	0.227
2013	4	20	0	0	0.227
2013	4	21	0	0	0.227
2013	4	22	0	0	0.215
2013	4	23	0	0	0.215
2013	4	24	0	0	0.234
2013	4	25	0	0	0.212
2013	4	26	0	0	0.204
2013	4	27	0	0	0.204
2013	4	28	0	0	0.204
2013	4	29	0	0	0.208
2013	4	30	0	0	0.209
2013	5	1	0	0	0.193
2013	5	2	0	0	0.208
2013	5	3	0	0	0.207
2013	5	4	0	0	0.207
2013	5	5	0	0	0.207
2013	5	6	0	0	0.207
2013	5	7	0	0	0.205
2013	5	8	0	0	0.195
2013	5	9	0	0	0.213
2013	5	10	0	0	0.211
2013	5	11	0	0	0.211
2013	5	12	0	0	0.211
2013	5	13	0	0	0.211
2013	5	14	0	0	0.222
2013	5	15	0	0	0.210
2013	5	16	0	0	0.213
2013	5	17	0	0	0.212
2013	5	18	0	0	0.212
2013	5	19	0	0	0.212
2013	5	20	0	0	0.212
2013	5	21	0	0	0.224
2013	5	22	0	0	0.215
2013	5	23	0	0	0.211
2013	5	24	0	0	0.216
2013	5	25	0	0	0.216
2013	5	26	0	0	0.216
2013	5	27	0	0	0.216
2013	5	28	0	0	0.210
2013	5	29	0	0	0.193
2013	5	30	0	0	0.220
2013	5	31	0	0	0.240
2013	6	1	0	0	0.240
2013	6	2	0	0	0.240
2013	6	3	0	0	0.219
2013	6	4	0	0	0.234
2013	6	5	0	0	0.232
2013	6	6	0	0	0.250
2013	6	7	0	0	0.232
2013	6	8	0	0	0.232
2013	6	9	0	0	0.232
2013	6	10	0	0	0.227
2013	6	11	0	0	0.233
2013	6	12	0	0	0.214
2013	6	13	0	0	0.203
2013	6	14	0	0	0.242
2013	6	15	0	0	0.242
2013	6	16	0	0	0.242
2013	6	17	0	0	0.242
2013	6	18	0	0	0.230
2013	6	19	0	0	0.227
2013	6	20	0	0	0.225
2013	6	21	0	0	0.212
2013	6	22	0	0	0.212
2013	6	23	0	0	0.212
2013	6	24	0	0	0.217
2013	6	25	0	0	0.208
2013	6	26	0	0	0.226
2013	6	27	0	0	0.218
2013	6	28	0	0	0.217
2013	6	29	0	0	0.217
2013	6	30	0	0	0.217
2013	7	1	0	0	0.208
2013	7	2	0	0	0.226
2013	7	3	0	0	0.219
2013	7	4	0	0	0.224
2013	7	5	0	0	0.235
2013	7	6	0	0	0.235
2013	7	7	0	0	0.235
2013	7	8	0	0	0.242
2013	7	9	0	0	0.217
2013	7	10	0	0	0.243
2013	7	11	0	0	0.238
2013	7	12	0	0	0.250
2013	7	13	0	0	0.250
2013	7	14	0	0	0.250
2013	7	15	0	0	0.231
2013	7	16	0	0	0.244
2013	7	17	0	0	0.255
2013	7	18	0	0	0.264
2013	7	19	0	0	0.256
2013	7	20	0	0	0.256
2013	7	21	0	0	0.256
2013	7	22	0	0	0.247
2013	7	23	0	0	0.224
2013	7	24	0	0	0.238
2013	7	25	0	0	0.224
2013	7	26	0	0	0.250
2013	7	27	0	0	0.250
2013	7	28	0	0	0.250
2013	7	29	0	0	0.250
2013	7	30	0	0	0.234
2013	7	31	0	0	0.234
2013	8	1	0	0	0.224
2013	8	2	0	0	0.231
2013	8	3	0	0	0.231
2013	8	4	0	0	0.231
2013	8	5	0	0	0.249
2013	8	6	0	0	0.235
2013	8	7	0	0	0.231
2013	8	8	0	0	0.242
2013	8	9	0	0	0.231
2013	8	10	0	0	0.231
2013	8	11	0	0	0.231
2013	8	12	0	0	0.219
2013	8	13	0	0	0.242
2013	8	14	0	0	0.231
2013	8	15	0	0	0.245
2013	8	16	0	0	0.234
2013	8	17	0	0	0.234
2013	8	18	0	0	0.234
2013	8	19	0	0	0.220
2013	8	20	0	0	0.230
2013	8	21	0	0	0.224
2013	8	22	0	0	0.228
2013	8	23	0	0	0.228
2013	8	24	0	0	0.228
2013	8	25	0	0	0.228
2013	8	26	0	0	0.228
2013	8	27	0	0	0.226
2013	8	28	0	0	0.235
2013	8	29	0	0	0.228
2013	8	30	0	0	0.222
2013	8	31	0	0	0.222
2013	9	1	0	0	0.222
2013	9	2	0	0	0.232
2013	9	3	0	0	0.232
2013	9	4	0	0	0.213
2013	9	5	0	0	0.236
2013	9	6	0	0	0.230
2013	9	7	0	0	0.230
2013	9	8	0	0	0.230
2013	9	9	0	0	0.231
2013	9	10	0	0	0.236
2013	9	11	0	0	0.219
2013	9	12	0	0	0.222
2013	9	13	0	0	0.225
2013	9	14	0	0	0.225
2013	9	15	0	0	0.225
2013	9	16	0	0	0.209
2013	9	17	0	0	0.227
2013	9	18	0	0	0.228
2013	9	19	0	0	0.214
2013	9	20	0	0	0.228
2013	9	21	0	0	0.228
2013	9	22	0	0	0.228
2013	9	23	0	0	0.226
2013	9	24	0	0	0.219
2013	9	25	0	0	0.229
2013	9	26	0	0	0.219
2013	9	27	0	0	0.232
2013	9	28	0	0	0.232
2013	9	29	0	0	0.232
2013	9	30	0	0	0.212
2013	10	1	0	0	0.230
2013	10	2	0	0	0.219
2013	10	3	0	0	0.232
2013	10	4	0	0	0.222
2013	10	5	0	0	0.222
2013	10	6	0	0	0.222
2013	10	7	0	0	0.233
2013	10	8	0	0	0.222
2013	10	9	0	0	0.226
2013	10	10	0	0	0.231
2013	10	11	0	0	0.225
2013	10	12	0	0	0.225
2013	10	13	0	0	0.225
2013	10	14	0	0	0.223
2013	10	15	0	0	0.225
2013	10	16	0	0	0.214
2013	10	17	0	0	0.227
2013	10	18	0	0	0.226
2013	10	19	0	0	0.226
2013	10	20	0	0	0.226
2013	10	21	0	0	0.215
2013	10	22	0	0	0.222
2013	10	23	0	0	0.220
2013	10	24	0	0	0.230
2013	10	25	0	0	0.228
2013	10	26	0	0	0.228
2013	10	27	0	0	0.228
2013	10	28	0	0	0.217
2013	10	29	0	0	0.234
2013	10	30	0	0	0.233
2013	10	31	0	0	0.213
2013	11	1	0	0	0.223
2013	11	2	0	0	0.223
2013	11	3	0	0	0.223
2013	11	4	0	0	0.229
2013	11	5	0	0	0.238
2013	11	6	0	0	0.248
2013	11	7	0	0	0.239
2013	11	8	0	0	0.254
2013	11	9	0	0	0.254
2013	11	10	0	0	0.254
2013	11	11	0	0	0.233
2013	11	12	0	0	0.223
2013	11	13	0	0	0.223
2013	11	14	0	0	0.243
2013	11	15	0	0	0.227
2013	11	16	0	0	0.227
2013	11	17	0	0	0.227
2013	11	18	0	0	0.228
2013	11	19	0	0	0.219
2013	11	20	0	0	0.227
2013	11	21	0	0	0.216
2013	11	22	0	0	0.228
2013	11	23	0	0	0.228
2013	11	24	0	0	0.228
2013	11	25	0	0	0.219
2013	11	26	0	0	0.223
2013	11	27	0	0	0.231
2013	11	28	0	0	0.247
2013	11	29	0	0	0.221
2013	11	30	0	0	0.221
2013	12	1	0	0	0.221
2013	12	2	0	0	0.220
2013	12	3	0	0	0.231
2013	12	4	0	0	0.216
2013	12	5	0	0	0.232
2013	12	6	0	0	0.220
2013	12	7	0	0	0.220
2013	12	8	0	0	0.220
2013	12	9	0	0	0.228
2013	12	10	0	0	0.225
2013	12	11	0	0	0.227
2013	12	12	0	0	0.227
2013	12	13	0	0	0.227
2013	12	14	0	0	0.227
2013	12	15	0	0	0.227
2013	12	16	0	0	0.227
2013	12	17	0	0	0.227
2013	12	18	0	0	0.224
2013	12	19	0	0	0.221
2013	12	20	0	0	0.252
2013	12	21	0	0	0.252
2013	12	22	0	0	0.252
2013	12	23	0	0	0.227
2013	12	24	0	0	0.207
2013	12	25	0	0	0.207
2013	12	26	0	0	0.207
2013	12	27	0	0	0.207
2013	12	28	0	0	0.207
2013	12	29	0	0	0.207
2013	12	30	0	0	0.196
2013	12	31	0	0	0.204
2014	1	1	0	0	0.204
2014	1	2	0	0	0.195
2014	1	3	0	0	0.212
2014	1	4	0	0	0.212
2014	1	5	0	0	0.212
2014	1	6	0	0	0.226
2014	1	7	0	0	0.226
2014	1	8	0	0	0.264
2014	1	9	0	0	0.195
2014	1	10	0	0	0.236
2014	1	11	0	0	0.236
2014	1	12	0	0	0.236
2014	1	13	0	0	0.218
2014	1	14	0	0	0.244
2014	1	15	0	0	0.201
2014	1	16	0	0	0.216
2014	1	17	0	0	0.248
2014	1	18	0	0	0.248
2014	1	19	0	0	0.248
2014	1	20	0	0	0.202
2014	1	21	0	0	0.223
2014	1	22	0	0	0.220
2014	1	23	0	0	0.226
2014	1	24	0	0	0.220
2014	1	25	0	0	0.220
2014	1	26	0	0	0.220
2014	1	27	0	0	0.209
2014	1	28	0	0	0.216
2014	1	29	0	0	0.226
2014	1	30	0	0	0.217
2014	1	31	0	0	0.221
2014	2	1	0	0	0.221
2014	2	2	0	0	0.221
2014	2	3	0	0	0.224
2014	2	4	0	0	0.214
2014	2	5	0	0	0.228
2014	2	6	0	0	0.216
2014	2	7	0	0	0.224
2014	2	8	0	0	0.224
2014	2	9	0	0	0.224
2014	2	10	0	0	0.219
2014	2	11	0	0	0.231
2014	2	12	0	0	0.228
2014	2	13	0	0	0.218
2014	2	14	0	0	0.223
2014	2	15	0	0	0.223
2014	2	16	0	0	0.223
2014	2	17	0	0	0.226
2014	2	18	0	0	0.225
2014	2	19	0	0	0.223
2014	2	20	0	0	0.229
2014	2	21	0	0	0.222
2014	2	22	0	0	0.222
2014	2	23	0	0	0.222
2014	2	24	0	0	0.225
2014	2	25	0	0	0.225
2014	2	26	0	0	0.211
2014	2	27	0	0	0.226
2014	2	28	0	0	0.223
2014	3	1	0	0	0.223
2014	3	2	0	0	0.223
2014	3	3	0	0	0.215
2014	3	4	0	0	0.217
2014	3	5	0	0	0.224
2014	3	6	0	0	0.206
2014	3	7	0	0	0.220
2014	3	8	0	0	0.220
2014	3	9	0	0	0.220
2014	3	10	0	0	0.223
2014	3	11	0	0	0.211
2014	3	12	0	0	0.223
2014	3	13	0	0	0.208
2014	3	14	0	0	0.218
2014	3	15	0	0	0.218
2014	3	16	0	0	0.218
2014	3	17	0	0	0.205
2014	3	18	0	0	0.217
2014	3	19	0	0	0.215
2014	3	20	0	0	0.194
2014	3	21	0	0	0.205
2014	3	22	0	0	0.205
2014	3	23	0	0	0.205
2014	3	24	0	0	0.186
2014	3	25	0	0	0.192
2014	3	26	0	0	0.214
2014	3	27	0	0	0.201
2014	3	28	0	0	0.203
2014	3	29	0	0	0.203
2014	3	30	0	0	0.203
2014	3	31	0	0	0.186
2014	4	1	0	0	0.194
2014	4	2	0	0	0.194
2014	4	3	0	0	0.201
2014	4	4	0	0	0.170
2014	4	5	0	0	0.170
2014	4	6	0	0	0.170
2014	4	7	0	0	0.197
2014	4	8	0	0	0.221
2014	4	9	0	0	0.221
2014	4	10	0	0	0.211
2014	4	11	0	0	0.214
2014	4	12	0	0	0.214
2014	4	13	0	0	0.214
2014	4	14	0	0	0.218
2014	4	15	0	0	0.228
2014	4	16	0	0	0.210
2014	4	17	0	0	0.219
2014	4	18	0	0	0.219
2014	4	19	0	0	0.219
2014	4	20	0	0	0.219
2014	4	21	0	0	0.219
2014	4	22	0	0	0.219
2014	4	23	0	0	0.208
2014	4	24	0	0	0.226
2014	4	25	0	0	0.222
2014	4	26	0	0	0.222
2014	4	27	0	0	0.222
2014	4	28	0	0	0.202
2014	4	29	0	0	0.223
2014	4	30	0	0	0.197
2014	5	1	0	0	0.230
2014	5	2	0	0	0.219
2014	5	3	0	0	0.219
2014	5	4	0	0	0.219
2014	5	5	0	0	0.219
2014	5	6	0	0	0.214
2014	5	7	0	0	0.211
2014	5	8	0	0	0.211
2014	5	9	0	0	0.213
2014	5	10	0	0	0.213
2014	5	11	0	0	0.213
2014	5	12	0	0	0.229
2014	5	13	0	0	0.218
2014	5	14	0	0	0.239
2014	5	15	0	0	0.245
2014	5	16	0	0	0.225
2014	5	17	0	0	0.225
2014	5	18	0	0	0.225
2014	5	19	0	0	0.231
2014	5	20	0	0	0.212
2014	5	21	0	0	0.226
2014	5	22	0	0	0.209
2014	5	23	0	0	0.221
2014	5	24	0	0	0.221
2014	5	25	0	0	0.221
2014	5	26	0	0	0.221
2014	5	27	0	0	0.236
2014	5	28	0	0	0.202
2014	5	29	0	0	0.223
2014	5	30	0	0	0.229
2014	5	31	0	0	0.229
2014	6	1	0	0	0.229
2014	6	2	0	0	0.217
2014	6	3	0	0	0.223
2014	6	4	0	0	0.215
2014	6	5	0	0	0.222
2014	6	6	0	0	0.226
2014	6	7	0	0	0.226
2014	6	8	0	0	0.226
2014	6	9	0	0	0.221
2014	6	10	0	0	0.210
2014	6	11	0	0	0.228
2014	6	12	0	0	0.223
2014	6	13	0	0	0.227
2014	6	14	0	0	0.227
2014	6	15	0	0	0.227
2014	6	16	0	0	0.234
2014	6	17	0	0	0.245
2014	6	18	0	0	0.229
2014	6	19	0	0	0.233
2014	6	20	0	0	0.240
2014	6	21	0	0	0.240
2014	6	22	0	0	0.240
2014	6	23	0	0	0.237
2014	6	24	0	0	0.217
2014	6	25	0	0	0.223
2014	6	26	0	0	0.218
2014	6	27	0	0	0.235
2014	6	28	0	0	0.235
2014	6	29	0	0	0.235
2014	6	30	0	0	0.244
2014	7	1	0	0	0.261
2014	7	2	0	0	0.228
2014	7	3	0	0	0.231
2014	7	4	0	0	0.219
2014	7	5	0	0	0.219
2014	7	6	0	0	0.219
2014	7	7	0	0	0.227
2014	7	8	0	0	0.220
2014	7	9	0	0	0.232
2014	7	10	0	0	0.244
2014	7	11	0	0	0.236
2014	7	12	0	0	0.236
2014	7	13	0	0	0.236
2014	7	14	0	0	0.228
2014	7	15	0	0	0.236
2014	7	16	0	0	0.231
2014	7	17	0	0	0.225
2014	7	18	0	0	0.227
2014	7	19	0	0	0.227
2014	7	20	0	0	0.227
2014	7	21	0	0	0.234
2014	7	22	0	0	0.248
2014	7	23	0	0	0.239
2014	7	24	0	0	0.251
2014	7	25	0	0	0.254
2014	7	26	0	0	0.254
2014	7	27	0	0	0.254
2014	7	28	0	0	0.208
2014	7	29	0	0	0.248
2014	7	30	0	0	0.209
2014	7	31	0	0	0.247
2014	8	1	0	0	0.235
2014	8	2	0	0	0.235
2014	8	3	0	0	0.235
2014	8	4	0	0	0.227
2014	8	5	0	0	0.239
2014	8	6	0	0	0.215
2014	8	7	0	0	0.238
2014	8	8	0	0	0.223
2014	8	9	0	0	0.223
2014	8	10	0	0	0.223
2014	8	11	0	0	0.222
2014	8	12	0	0	0.225
2014	8	13	0	0	0.237
2014	8	14	0	0	0.212
2014	8	15	0	0	0.227
2014	8	16	0	0	0.227
2014	8	17	0	0	0.227
2014	8	18	0	0	0.232
2014	8	19	0	0	0.221
2014	8	20	0	0	0.234
2014	8	21	0	0	0.252
2014	8	22	0	0	0.225
2014	8	23	0	0	0.225
2014	8	24	0	0	0.225
2014	8	25	0	0	0.225
2014	8	26	0	0	0.232
2014	8	27	0	0	0.227
2014	8	28	0	0	0.220
2014	8	29	0	0	0.225
2014	8	30	0	0	0.225
2014	8	31	0	0	0.225
2014	9	1	0	0	0.220
2014	9	2	0	0	0.230
2014	9	3	0	0	0.225
2014	9	4	0	0	0.230
2014	9	5	0	0	0.229
2014	9	6	0	0	0.229
2014	9	7	0	0	0.229
2014	9	8	0	0	0.233
2014	9	9	0	0	0.243
2014	9	10	0	0	0.263
2014	9	11	0	0	0.250
2014	9	12	0	0	0.227
2014	9	13	0	0	0.227
2014	9	14	0	0	0.227
2014	9	15	0	0	0.220
2014	9	16	0	0	0.235
2014	9	17	0	0	0.222
2014	9	18	0	0	0.231
2014	9	19	0	0	0.227
2014	9	20	0	0	0.227
2014	9	21	0	0	0.227
2014	9	22	0	0	0.226
2014	9	23	0	0	0.217
2014	9	24	0	0	0.228
2014	9	25	0	0	0.288
2014	9	26	0	0	0.211
2014	9	27	0	0	0.211
2014	9	28	0	0	0.211
2014	9	29	0	0	0.223
2014	9	30	0	0	0.227
2014	10	1	0	0	0.220
2014	10	2	0	0	0.257
2014	10	3	0	0	0.224
2014	10	4	0	0	0.224
2014	10	5	0	0	0.224
2014	10	6	0	0	0.219
2014	10	7	0	0	0.230
2014	10	8	0	0	0.229
2014	10	9	0	0	0.220
2014	10	10	0	0	0.230
2014	10	11	0	0	0.230
2014	10	12	0	0	0.230
2014	10	13	0	0	0.174
2014	10	14	0	0	0.188
2014	10	15	0	0	0.173
2014	10	16	0	0	0.180
2014	10	17	0	0	0.185
2014	10	18	0	0	0.185
2014	10	19	0	0	0.185
2014	10	20	0	0	0.184
2014	10	21	0	0	0.171
2014	10	22	0	0	0.174
2014	10	23	0	0	0.177
2014	10	24	0	0	0.176
2014	10	25	0	0	0.176
2014	10	26	0	0	0.176
2014	10	27	0	0	0.176
2014	10	28	0	0	0.181
2014	10	29	0	0	0.171
2014	10	30	0	0	0.187
2014	10	31	0	0	0.179
2014	11	1	0	0	0.179
2014	11	2	0	0	0.179
2014	11	3	0	0	0.156
2014	11	4	0	0	0.173
2014	11	5	0	0	0.180
2014	11	6	0	0	0.179
2014	11	7	0	0	0.177
2014	11	8	0	0	0.177
2014	11	9	0	0	0.177
2014	11	10	0	0	0.184
2014	11	11	0	0	0.173
2014	11	12	0	0	0.173
2014	11	13	0	0	0.166
2014	11	14	0	0	0.174
2014	11	15	0	0	0.174
2014	11	16	0	0	0.174
2014	11	17	0	0	0.182
2014	11	18	0	0	0.167
2014	11	19	0	0	0.161
2014	11	20	0	0	0.206
2014	11	21	0	0	0.169
2014	11	22	0	0	0.169
2014	11	23	0	0	0.169
2014	11	24	0	0	0.170
2014	11	25	0	0	0.181
2014	11	26	0	0	0.169
2014	11	27	0	0	0.179
2014	11	28	0	0	0.170
2014	11	29	0	0	0.170
2014	11	30	0	0	0.170
2014	12	1	0	0	0.172
2014	12	2	0	0	0.168
2014	12	3	0	0	0.167
2014	12	4	0	0	0.171
2014	12	5	0	0	0.167
2014	12	6	0	0	0.167
2014	12	7	0	0	0.167
2014	12	8	0	0	0.173
2014	12	9	0	0	0.162
2014	12	10	0	0	0.175
2014	12	11	0	0	0.168
2014	12	12	0	0	0.173
2014	12	13	0	0	0.173
2014	12	14	0	0	0.173
2014	12	15	0	0	0.172
2014	12	16	0	0	0.140
2014	12	17	0	0	0.151
2014	12	18	0	0	0.153
2014	12	19	0	0	0.209
2014	12	20	0	0	0.209
2014	12	21	0	0	0.209
2014	12	22	0	0	0.171
2014	12	23	0	0	0.167
2014	12	24	0	0	0.168
2014	12	25	0	0	0.168
2014	12	26	0	0	0.168
2014	12	27	0	0	0.168
2014	12	28	0	0	0.168
2014	12	29	0	0	0.171
2014	12	30	0	0	0.175
2014	12	31	0	0	0.173
2015	1	1	0	0	0.173
2015	1	2	0	0	0.174
2015	1	3	0	0	0.174
2015	1	4	0	0	0.174
2015	1	5	0	0	0.172
2015	1	6	0	0	0.166
2015	1	7	0	0	0.174
2015	1	8	0	0	0.179
2015	1	9	0	0	0.175
2015	1	10	0	0	0.175
2015	1	11	0	0	0.175
2015	1	12	0	0	0.173
2015	1	13	0	0	0.179
2015	1	14	0	0	0.178
2015	1	15	0	0	0.161
2015	1	16	0	0	0.174
2015	1	17	0	0	0.174
2015	1	18	0	0	0.174
2015	1	19	0	0	0.189
2015	1	20	0	0	0.187
2015	1	21	0	0	0.169
2015	1	22	0	0	0.169
2015	1	23	0	0	0.182
2015	1	24	0	0	0.182
2015	1	25	0	0	0.182
2015	1	26	0	0	0.177
2015	1	27	0	0	0.178
2015	1	28	0	0	0.178
2015	1	29	0	0	0.182
2015	1	30	0	0	0.180
2015	1	31	0	0	0.180
2015	2	1	0	0	0.180
2015	2	2	0	0	0.176
2015	2	3	0	0	0.171
2015	2	4	0	0	0.217
2015	2	5	0	0	0.225
2015	2	6	0	0	0.228
2015	2	7	0	0	0.228
2015	2	8	0	0	0.228
2015	2	9	0	0	0.223
2015	2	10	0	0	0.230
2015	2	11	0	0	0.222
2015	2	12	0	0	0.223
2015	2	13	0	0	0.229
2015	2	14	0	0	0.229
2015	2	15	0	0	0.229
2015	2	16	0	0	0.224
2015	2	17	0	0	0.228
2015	2	18	0	0	0.208
2015	2	19	0	0	0.215
2015	2	20	0	0	0.219
2015	2	21	0	0	0.219
2015	2	22	0	0	0.219
2015	2	23	0	0	0.218
2015	2	24	0	0	0.230
2015	2	25	0	0	0.223
2015	2	26	0	0	0.219
2015	2	27	0	0	0.224
2015	2	28	0	0	0.224
2015	3	1	0	0	0.224
2015	3	2	0	0	0.234
2015	3	3	0	0	0.231
2015	3	4	0	0	0.225
2015	3	5	0	0	0.224
2015	3	6	0	0	0.237
2015	3	7	0	0	0.237
2015	3	8	0	0	0.237
2015	3	9	0	0	0.223
2015	3	10	0	0	0.232
2015	3	11	0	0	0.216
2015	3	12	0	0	0.212
2015	3	13	0	0	0.231
2015	3	14	0	0	0.231
2015	3	15	0	0	0.231
2015	3	16	0	0	0.225
2015	3	17	0	0	0.225
2015	3	18	0	0	0.218
2015	3	19	0	0	0.224
2015	3	20	0	0	0.226
2015	3	21	0	0	0.226
2015	3	22	0	0	0.226
2015	3	23	0	0	0.217
2015	3	24	0	0	0.226
2015	3	25	0	0	0.217
2015	3	26	0	0	0.218
2015	3	27	0	0	0.218
2015	3	28	0	0	0.218
2015	3	29	0	0	0.218
2015	3	30	0	0	0.216
2015	3	31	0	0	0.217
2015	4	1	0	0	0.220
2015	4	2	0	0	0.222
2015	4	3	0	0	0.222
2015	4	4	0	0	0.222
2015	4	5	0	0	0.222
2015	4	6	0	0	0.222
2015	4	7	0	0	0.226
2015	4	8	0	0	0.218
2015	4	9	0	0	0.228
2015	4	10	0	0	0.217
2015	4	11	0	0	0.217
2015	4	12	0	0	0.217
2015	4	13	0	0	0.208
2015	4	14	0	0	0.233
2015	4	15	0	0	0.219
2015	4	16	0	0	0.195
2015	4	17	0	0	0.224
2015	4	18	0	0	0.224
2015	4	19	0	0	0.224
2015	4	20	0	0	0.239
2015	4	21	0	0	0.242
2015	4	22	0	0	0.245
2015	4	23	0	0	0.261
2015	4	24	0	0	0.227
2015	4	25	0	0	0.227
2015	4	26	0	0	0.227
2015	4	27	0	0	0.200
2015	4	28	0	0	0.220
2015	4	29	0	0	0.235
2015	4	30	0	0	0.234
2015	5	1	0	0	0.217
2015	5	2	0	0	0.217
2015	5	3	0	0	0.217
2015	5	4	0	0	0.217
2015	5	5	0	0	0.212
2015	5	6	0	0	0.225
2015	5	7	0	0	0.219
2015	5	8	0	0	0.209
2015	5	9	0	0	0.209
2015	5	10	0	0	0.209
2015	5	11	0	0	0.194
2015	5	12	0	0	0.215
2015	5	13	0	0	0.217
2015	5	14	0	0	0.214
2015	5	15	0	0	0.210
2015	5	16	0	0	0.210
2015	5	17	0	0	0.210
2015	5	18	0	0	0.186
2015	5	19	0	0	0.198
2015	5	20	0	0	0.234
2015	5	21	0	0	0.215
2015	5	22	0	0	0.163
2015	5	23	0	0	0.163
2015	5	24	0	0	0.163
2015	5	25	0	0	0.163
2015	5	26	0	0	0.169
2015	5	27	0	0	0.100
2015	5	28	0	0	0.180
2015	5	29	0	0	0.174
2015	5	30	0	0	0.174
2015	5	31	0	0	0.174
2015	6	1	0	0	0.171
2015	6	2	0	0	0.189
2015	6	3	0	0	0.183
2015	6	4	0	0	0.182
2015	6	5	0	0	0.185
2015	6	6	0	0	0.185
2015	6	7	0	0	0.185
2015	6	8	0	0	0.180
2015	6	9	0	0	0.188
2015	6	10	0	0	0.179
2015	6	11	0	0	0.187
2015	6	12	0	0	0.181
2015	6	13	0	0	0.181
2015	6	14	0	0	0.181
2015	6	15	0	0	0.182
2015	6	16	0	0	0.182
2015	6	17	0	0	0.174
2015	6	18	0	0	0.178
2015	6	19	0	0	0.177
2015	6	20	0	0	0.177
2015	6	21	0	0	0.177
2015	6	22	0	0	0.174
2015	6	23	0	0	0.179
2015	6	24	0	0	0.179
2015	6	25	0	0	0.187
2015	6	26	0	0	0.182
2015	6	27	0	0	0.182
2015	6	28	0	0	0.182
2015	6	29	0	0	0.178
2015	6	30	0	0	0.192
2015	7	1	0	0	0.183
2015	7	2	0	0	0.169
2015	7	3	0	0	0.181
2015	7	4	0	0	0.181
2015	7	5	0	0	0.181
2015	7	6	0	0	0.184
2015	7	7	0	0	0.158
2015	7	8	0	0	0.161
2015	7	9	0	0	0.193
2015	7	10	0	0	0.178
2015	7	11	0	0	0.178
2015	7	12	0	0	0.178
2015	7	13	0	0	0.173
2015	7	14	0	0	0.180
2015	7	15	0	0	0.182
2015	7	16	0	0	0.181
2015	7	17	0	0	0.176
2015	7	18	0	0	0.176
2015	7	19	0	0	0.176
2015	7	20	0	0	0.173
2015	7	21	0	0	0.213
2015	7	22	0	0	0.225
2015	7	23	0	0	0.228
2015	7	24	0	0	0.233
2015	7	25	0	0	0.233
2015	7	26	0	0	0.233
2015	7	27	0	0	0.227
2015	7	28	0	0	0.232
2015	7	29	0	0	0.231
2015	7	30	0	0	0.228
2015	7	31	0	0	0.229
2015	8	1	0	0	0.229
2015	8	2	0	0	0.229
2015	8	3	0	0	0.221
2015	8	4	0	0	0.227
2015	8	5	0	0	0.217
2015	8	6	0	0	0.237
2015	8	7	0	0	0.224
2015	8	8	0	0	0.224
2015	8	9	0	0	0.224
2015	8	10	0	0	0.219
2015	8	11	0	0	0.221
2015	8	12	0	0	0.235
2015	8	13	0	0	0.232
2015	8	14	0	0	0.230
2015	8	15	0	0	0.230
2015	8	16	0	0	0.230
2015	8	17	0	0	0.247
2015	8	18	0	0	0.184
2015	8	19	0	0	0.255
2015	8	20	0	0	0.231
2015	8	21	0	0	0.227
2015	8	22	0	0	0.227
2015	8	23	0	0	0.227
2015	8	24	0	0	0.218
2015	8	25	0	0	0.215
2015	8	26	0	0	0.209
2015	8	27	0	0	0.225
2015	8	28	0	0	0.224
2015	8	29	0	0	0.224
2015	8	30	0	0	0.224
2015	8	31	0	0	0.224
2015	9	1	0	0	0.216
2015	9	2	0	0	0.225
2015	9	3	0	0	0.234
2015	9	4	0	0	0.235
2015	9	5	0	0	0.235
2015	9	6	0	0	0.235
2015	9	7	0	0	0.229
2015	9	8	0	0	0.235
2015	9	9	0	0	0.229
2015	9	10	0	0	0.263
2015	9	11	0	0	0.168
2015	9	12	0	0	0.168
2015	9	13	0	0	0.168
2015	9	14	0	0	0.173
2015	9	15	0	0	0.183
2015	9	16	0	0	0.192
2015	9	17	0	0	0.176
2015	9	18	0	0	0.188
2015	9	19	0	0	0.188
2015	9	20	0	0	0.188
2015	9	21	0	0	0.170
2015	9	22	0	0	0.175
2015	9	23	0	0	0.178
2015	9	24	0	0	0.183
2015	9	25	0	0	0.188
2015	9	26	0	0	0.188
2015	9	27	0	0	0.188
2015	9	28	0	0	0.166
2015	9	29	0	0	0.180
2015	9	30	0	0	0.172
2015	10	1	0	0	0.170
2015	10	2	0	0	0.184
2015	10	3	0	0	0.184
2015	10	4	0	0	0.184
2015	10	5	0	0	0.179
2015	10	6	0	0	0.189
2015	10	7	0	0	0.196
2015	10	8	0	0	0.192
2015	10	9	0	0	0.177
2015	10	10	0	0	0.177
2015	10	11	0	0	0.177
2015	10	12	0	0	0.203
2015	10	13	0	0	0.203
2015	10	14	0	0	0.176
2015	10	15	0	0	0.178
2015	10	16	0	0	0.190
2015	10	17	0	0	0.190
2015	10	18	0	0	0.190
2015	10	19	0	0	0.183
2015	10	20	0	0	0.239
2015	10	21	0	0	0.239
2015	10	22	0	0	0.226
2015	10	23	0	0	0.230
2015	10	24	0	0	0.230
2015	10	25	0	0	0.230
2015	10	26	0	0	0.234
2015	10	27	0	0	0.249
2015	10	28	0	0	0.225
2015	10	29	0	0	0.207
2015	10	30	0	0	0.231
2015	10	31	0	0	0.231
2015	11	1	0	0	0.231
2015	11	2	0	0	0.228
2015	11	3	0	0	0.245
2015	11	4	0	0	0.214
2015	11	5	0	0	0.205
2015	11	6	0	0	0.183
2015	11	7	0	0	0.183
2015	11	8	0	0	0.183
2015	11	9	0	0	0.160
2015	11	10	0	0	0.189
2015	11	11	0	0	0.158
2015	11	12	0	0	0.172
2015	11	13	0	0	0.169
2015	11	14	0	0	0.169
2015	11	15	0	0	0.169
2015	11	16	0	0	0.182
2015	11	17	0	0	0.157
2015	11	18	0	0	0.176
2015	11	19	0	0	0.177
2015	11	20	0	0	0.168
2015	11	21	0	0	0.168
2015	11	22	0	0	0.168
2015	11	23	0	0	0.170
2015	11	24	0	0	0.178
2015	11	25	0	0	0.179
2015	11	26	0	0	0.171
2015	11	27	0	0	0.169
2015	11	28	0	0	0.169
2015	11	29	0	0	0.169
2015	11	30	0	0	0.130
2015	12	1	0	0	0.193
2015	12	2	0	0	0.187
2015	12	3	0	0	0.172
2015	12	4	0	0	0.179
2015	12	5	0	0	0.179
2015	12	6	0	0	0.179
2015	12	7	0	0	0.173
2015	12	8	0	0	0.178
2015	12	9	0	0	0.170
2015	12	10	0	0	0.170
2015	12	11	0	0	0.178
2015	12	12	0	0	0.178
2015	12	13	0	0	0.178
2015	12	14	0	0	0.179
2015	12	15	0	0	0.197
2015	12	16	0	0	0.153
2015	12	17	0	0	0.176
2015	12	18	0	0	0.175
2015	12	19	0	0	0.175
2015	12	20	0	0	0.175
2015	12	21	0	0	0.181
2015	12	22	0	0	0.177
2015	12	23	0	0	0.196
2015	12	24	0	0	0.168
2015	12	25	0	0	0.168
2015	12	26	0	0	0.168
2015	12	27	0	0	0.168
2015	12	28	0	0	0.168
2015	12	29	0	0	0.170
2015	12	30	0	0	0.170
2015	12	31	0	0	0.170
2016	1	1	0	0	0.170
2016	1	2	0	0	0.170
2016	1	3	0	0	0.170
2016	1	4	0	0	0.168
2016	1	5	0	0	0.182
2016	1	6	0	0	0.180
2016	1	7	0	0	0.183
2016	1	8	0	0	0.177
2016	1	9	0	0	0.177
2016	1	10	0	0	0.177
2016	1	11	0	0	0.184
2016	1	12	0	0	0.173
2016	1	13	0	0	0.175
2016	1	14	0	0	0.157
2016	1	15	0	0	0.181
2016	1	16	0	0	0.181
2016	1	17	0	0	0.181
2016	1	18	0	0	0.166
2016	1	19	0	0	0.176
2016	1	20	0	0	0.186
2016	1	21	0	0	0.192
2016	1	22	0	0	0.174
2016	1	23	0	0	0.174
2016	1	24	0	0	0.174
2016	1	25	0	0	0.175
2016	1	26	0	0	0.208
2016	1	27	0	0	0.240
2016	1	28	0	0	0.210
2016	1	29	0	0	0.219
2016	1	30	0	0	0.219
2016	1	31	0	0	0.219
2016	2	1	0	0	0.209
2016	2	2	0	0	0.221
2016	2	3	0	0	0.222
2016	2	4	0	0	0.205
2016	2	5	0	0	0.220
2016	2	6	0	0	0.220
2016	2	7	0	0	0.220
2016	2	8	0	0	0.216
2016	2	9	0	0	0.222
2016	2	10	0	0	0.209
2016	2	11	0	0	0.213
2016	2	12	0	0	0.226
2016	2	13	0	0	0.226
2016	2	14	0	0	0.226
2016	2	15	0	0	0.212
2016	2	16	0	0	0.225
2016	2	17	0	0	0.225
2016	2	18	0	0	0.224
2016	2	19	0	0	0.213
2016	2	20	0	0	0.213
2016	2	21	0	0	0.213
2016	2	22	0	0	0.214
2016	2	23	0	0	0.210
2016	2	24	0	0	0.214
2016	2	25	0	0	0.211
2016	2	26	0	0	0.219
2016	2	27	0	0	0.219
2016	2	28	0	0	0.219
2016	2	29	0	0	0.222
2016	3	1	0	0	0.194
2016	3	2	0	0	0.217
2016	3	3	0	0	0.215
2016	3	4	0	0	0.219
2016	3	5	0	0	0.219
2016	3	6	0	0	0.219
2016	3	7	0	0	0.238
2016	3	8	0	0	0.219
2016	3	9	0	0	0.201
2016	3	10	0	0	0.214
2016	3	11	0	0	0.227
2016	3	12	0	0	0.227
2016	3	13	0	0	0.227
2016	3	14	0	0	0.219
2016	3	15	0	0	0.199
2016	3	16	0	0	0.218
2016	3	17	0	0	0.224
2016	3	18	0	0	0.223
2016	3	19	0	0	0.223
2016	3	20	0	0	0.223
2016	3	21	0	0	0.199
2016	3	22	0	0	0.220
2016	3	23	0	0	0.220
2016	3	24	0	0	0.233
2016	3	25	0	0	0.218
2016	3	26	0	0	0.218
2016	3	27	0	0	0.218
2016	3	28	0	0	0.218
2016	3	29	0	0	0.206
2016	3	30	0	0	0.212
2016	3	31	0	0	0.238
2016	4	1	0	0	0.227
2016	4	2	0	0	0.227
2016	4	3	0	0	0.227
2016	4	4	0	0	0.232
2016	4	5	0	0	0.224
2016	4	6	0	0	0.247
2016	4	7	0	0	0.244
2016	4	8	0	0	0.244
2016	4	9	0	0	0.244
2016	4	10	0	0	0.244
2016	4	11	0	0	0.241
2016	4	12	0	0	0.232
2016	4	13	0	0	0.241
2016	4	14	0	0	0.245
2016	4	15	0	0	0.249
2016	4	16	0	0	0.249
2016	4	17	0	0	0.249
2016	4	18	0	0	0.239
2016	4	19	0	0	0.259
2016	4	20	0	0	0.253
2016	4	21	0	0	0.250
2016	4	22	0	0	0.248
2016	4	23	0	0	0.248
2016	4	24	0	0	0.248
2016	4	25	0	0	0.242
2016	4	26	0	0	0.244
2016	4	27	0	0	0.250
2016	4	28	0	0	0.252
2016	4	29	0	0	0.247
2016	4	30	0	0	0.247
2016	5	1	0	0	0.247
2016	5	2	0	0	0.247
2016	5	3	0	0	0.243
2016	5	4	0	0	0.242
2016	5	5	0	0	0.252
2016	5	6	0	0	0.253
2016	5	7	0	0	0.253
2016	5	8	0	0	0.253
2016	5	9	0	0	0.241
2016	5	10	0	0	0.258
2016	5	11	0	0	0.282
2016	5	12	0	0	0.264
2016	5	13	0	0	0.254
2016	5	14	0	0	0.254
2016	5	15	0	0	0.254
2016	5	16	0	0	0.239
2016	5	17	0	0	0.261
2016	5	18	0	0	0.271
2016	5	19	0	0	0.246
2016	5	20	0	0	0.242
2016	5	21	0	0	0.242
2016	5	22	0	0	0.242
2016	5	23	0	0	0.259
2016	5	24	0	0	0.277
2016	5	25	0	0	0.253
2016	5	26	0	0	0.202
2016	5	27	0	0	0.266
2016	5	28	0	0	0.266
2016	5	29	0	0	0.266
2016	5	30	0	0	0.266
2016	5	31	0	0	0.259
2016	6	1	0	0	0.249
2016	6	2	0	0	0.226
2016	6	3	0	0	0.234
2016	6	4	0	0	0.234
2016	6	5	0	0	0.234
2016	6	6	0	0	0.248
2016	6	7	0	0	0.257
2016	6	8	0	0	0.255
2016	6	9	0	0	0.247
2016	6	10	0	0	0.226
2016	6	11	0	0	0.226
2016	6	12	0	0	0.226
2016	6	13	0	0	0.219
2016	6	14	0	0	0.248
2016	6	15	0	0	0.257
2016	6	16	0	0	0.248
2016	6	17	0	0	0.225
2016	6	18	0	0	0.225
2016	6	19	0	0	0.225
2016	6	20	0	0	0.224
2016	6	21	0	0	0.230
2016	6	22	0	0	0.247
2016	6	23	0	0	0.261
2016	6	24	0	0	0.230
2016	6	25	0	0	0.230
2016	6	26	0	0	0.230
2016	6	27	0	0	0.208
2016	6	28	0	0	0.219
2016	6	29	0	0	0.229
2016	6	30	0	0	0.253
2016	7	1	0	0	0.245
2016	7	2	0	0	0.245
2016	7	3	0	0	0.245
2016	7	4	0	0	0.252
2016	7	5	0	0	0.265
2016	7	6	0	0	0.252
2016	7	7	0	0	0.245
2016	7	8	0	0	0.244
2016	7	9	0	0	0.244
2016	7	10	0	0	0.244
2016	7	11	0	0	0.243
2016	7	12	0	0	0.267
2016	7	13	0	0	0.262
2016	7	14	0	0	0.266
2016	7	15	0	0	0.258
2016	7	16	0	0	0.258
2016	7	17	0	0	0.258
2016	7	18	0	0	0.257
2016	7	19	0	0	0.276
2016	7	20	0	0	0.249
2016	7	21	0	0	0.276
2016	7	22	0	0	0.239
2016	7	23	0	0	0.239
2016	7	24	0	0	0.239
2016	7	25	0	0	0.236
2016	7	26	0	0	0.264
2016	7	27	0	0	0.287
2016	7	28	0	0	0.270
2016	7	29	0	0	0.270
2016	7	30	0	0	0.270
2016	7	31	0	0	0.270
2016	8	1	0	0	0.262
2016	8	2	0	0	0.255
2016	8	3	0	0	0.240
2016	8	4	0	0	0.265
2016	8	5	0	0	0.257
2016	8	6	0	0	0.257
2016	8	7	0	0	0.257
2016	8	8	0	0	0.255
2016	8	9	0	0	0.263
2016	8	10	0	0	0.252
2016	8	11	0	0	0.251
2016	8	12	0	0	0.259
2016	8	13	0	0	0.259
2016	8	14	0	0	0.259
2016	8	15	0	0	0.265
2016	8	16	0	0	0.268
2016	8	17	0	0	0.270
2016	8	18	0	0	0.265
2016	8	19	0	0	0.250
2016	8	20	0	0	0.250
2016	8	21	0	0	0.250
2016	8	22	0	0	0.255
2016	8	23	0	0	0.260
2016	8	24	0	0	0.259
2016	8	25	0	0	0.263
2016	8	26	0	0	0.263
2016	8	27	0	0	0.263
2016	8	28	0	0	0.263
2016	8	29	0	0	0.263
2016	8	30	0	0	0.258
2016	8	31	0	0	0.254
2016	9	1	0	0	0.228
2016	9	2	0	0	0.183
2016	9	3	0	0	0.183
2016	9	4	0	0	0.183
2016	9	5	0	0	0.207
2016	9	6	0	0	0.218
2016	9	7	0	0	0.211
2016	9	8	0	0	0.197
2016	9	9	0	0	0.198
2016	9	10	0	0	0.198
2016	9	11	0	0	0.198
2016	9	12	0	0	0.196
2016	9	13	0	0	0.201
2016	9	14	0	0	0.194
2016	9	15	0	0	0.193
2016	9	16	0	0	0.191
2016	9	17	0	0	0.191
2016	9	18	0	0	0.191
2016	9	19	0	0	0.239
2016	9	20	0	0	0.243
2016	9	21	0	0	0.237
2016	9	22	0	0	0.217
2016	9	23	0	0	0.239
2016	9	24	0	0	0.239
2016	9	25	0	0	0.239
2016	9	26	0	0	0.223
2016	9	27	0	0	0.233
2016	9	28	0	0	0.237
2016	9	29	0	0	0.222
2016	9	30	0	0	0.234
2016	10	1	0	0	0.234
2016	10	2	0	0	0.234
2016	10	3	0	0	0.224
2016	10	4	0	0	0.236
2016	10	5	0	0	0.234
2016	10	6	0	0	0.221
2016	10	7	0	0	0.230
2016	10	8	0	0	0.230
2016	10	9	0	0	0.230
2016	10	10	0	0	0.230
2016	10	11	0	0	0.231
2016	10	12	0	0	0.229
2016	10	13	0	0	0.232
2016	10	14	0	0	0.229
2016	10	15	0	0	0.229
2016	10	16	0	0	0.229
2016	10	17	0	0	0.231
2016	10	18	0	0	0.232
2016	10	19	0	0	0.228
2016	10	20	0	0	0.231
2016	10	21	0	0	0.229
2016	10	22	0	0	0.229
2016	10	23	0	0	0.229
2016	10	24	0	0	0.231
2016	10	25	0	0	0.229
2016	10	26	0	0	0.231
2016	10	27	0	0	0.230
2016	10	28	0	0	0.234
2016	10	29	0	0	0.234
2016	10	30	0	0	0.234
2016	10	31	0	0	0.228
2016	11	1	0	0	0.225
2016	11	2	0	0	0.227
2016	11	3	0	0	0.218
2016	11	4	0	0	0.237
2016	11	5	0	0	0.237
2016	11	6	0	0	0.237
2016	11	7	0	0	0.232
2016	11	8	0	0	0.235
2016	11	9	0	0	0.236
2016	11	10	0	0	0.236
2016	11	11	0	0	0.232
2016	11	12	0	0	0.232
2016	11	13	0	0	0.232
2016	11	14	0	0	0.229
2016	11	15	0	0	0.229
2016	11	16	0	0	0.220
2016	11	17	0	0	0.230
2016	11	18	0	0	0.228
2016	11	19	0	0	0.228
2016	11	20	0	0	0.228
2016	11	21	0	0	0.233
2016	11	22	0	0	0.233
2016	11	23	0	0	0.225
2016	11	24	0	0	0.231
2016	11	25	0	0	0.229
2016	11	26	0	0	0.229
2016	11	27	0	0	0.229
2016	11	28	0	0	0.230
2016	11	29	0	0	0.230
2016	11	30	0	0	0.227
2016	12	1	0	0	0.227
2016	12	2	0	0	0.232
2016	12	3	0	0	0.232
2016	12	4	0	0	0.232
2016	12	5	0	0	0.229
2016	12	6	0	0	0.223
2016	12	7	0	0	0.222
2016	12	8	0	0	0.216
2016	12	9	0	0	0.228
2016	12	10	0	0	0.228
2016	12	11	0	0	0.228
2016	12	12	0	0	0.230
2016	12	13	0	0	0.252
2016	12	14	0	0	0.237
2016	12	15	0	0	0.230
2016	12	16	0	0	0.229
2016	12	17	0	0	0.229
2016	12	18	0	0	0.229
2016	12	19	0	0	0.250
2016	12	20	0	0	0.255
2016	12	21	0	0	0.226
2016	12	22	0	0	0.231
2016	12	23	0	0	0.233
2016	12	24	0	0	0.233
2016	12	25	0	0	0.233
2016	12	26	0	0	0.233
2016	12	27	0	0	0.233
2016	12	28	0	0	0.235
2016	12	29	0	0	0.228
2016	12	30	0	0	0.226
2016	12	31	0	0	0.226
2017	1	1	0	0	0.226
2017	1	2	0	0	0.226
2017	1	3	0	0	0.220
2017	1	4	0	0	0.236
2017	1	5	0	0	0.226
2017	1	6	0	0	0.225
2017	1	7	0	0	0.225
2017	1	8	0	0	0.225
2017	1	9	0	0	0.226
2017	1	10	0	0	0.226
2017	1	11	0	0	0.219
2017	1	12	0	0	0.236
2017	1	13	0	0	0.225
2017	1	14	0	0	0.225
2017	1	15	0	0	0.225
2017	1	16	0	0	0.225
2017	1	17	0	0	0.231
2017	1	18	0	0	0.219
2017	1	19	0	0	0.236
2017	1	20	0	0	0.223
2017	1	21	0	0	0.223
2017	1	22	0	0	0.223
2017	1	23	0	0	0.231
2017	1	24	0	0	0.222
2017	1	25	0	0	0.223
2017	1	26	0	0	0.229
2017	1	27	0	0	0.234
2017	1	28	0	0	0.234
2017	1	29	0	0	0.234
2017	1	30	0	0	0.205
2017	1	31	0	0	0.230
2017	2	1	0	0	0.233
2017	2	2	0	0	0.248
2017	2	3	0	0	0.233
2017	2	4	0	0	0.233
2017	2	5	0	0	0.233
2017	2	6	0	0	0.231
2017	2	7	0	0	0.228
2017	2	8	0	0	0.229
2017	2	9	0	0	0.233
2017	2	10	0	0	0.228
2017	2	11	0	0	0.228
2017	2	12	0	0	0.228
2017	2	13	0	0	0.232
2017	2	14	0	0	0.237
2017	2	15	0	0	0.232
2017	2	16	0	0	0.225
2017	2	17	0	0	0.233
2017	2	18	0	0	0.233
2017	2	19	0	0	0.233
2017	2	20	0	0	0.225
2017	2	21	0	0	0.229
2017	2	22	0	0	0.236
2017	2	23	0	0	0.229
2017	2	24	0	0	0.236
2017	2	25	0	0	0.236
2017	2	26	0	0	0.236
2017	2	27	0	0	0.225
2017	2	28	0	0	0.244
2017	3	1	0	0	0.243
2017	3	2	0	0	0.235
2017	3	3	0	0	0.236
2017	3	4	0	0	0.236
2017	3	5	0	0	0.236
2017	3	6	0	0	0.229
2017	3	7	0	0	0.237
2017	3	8	0	0	0.234
2017	3	9	0	0	0.240
2017	3	10	0	0	0.235
2017	3	11	0	0	0.235
2017	3	12	0	0	0.235
2017	3	13	0	0	0.231
2017	3	14	0	0	0.236
2017	3	15	0	0	0.232
2017	3	16	0	0	0.233
2017	3	17	0	0	0.235
2017	3	18	0	0	0.235
2017	3	19	0	0	0.235
2017	3	20	0	0	0.223
2017	3	21	0	0	0.241
2017	3	22	0	0	0.227
2017	3	23	0	0	0.235
2017	3	24	0	0	0.226
2017	3	25	0	0	0.226
2017	3	26	0	0	0.226
2017	3	27	0	0	0.226
2017	3	28	0	0	0.211
2017	3	29	0	0	0.196
2017	3	30	0	0	0.191
2017	3	31	0	0	0.198
2017	4	1	0	0	0.198
2017	4	2	0	0	0.198
2017	4	3	0	0	0.198
2017	4	4	0	0	0.190
2017	4	5	0	0	0.178
2017	4	6	0	0	0.197
2017	4	7	0	0	0.248
2017	4	8	0	0	0.248
2017	4	9	0	0	0.248
2017	4	10	0	0	0.148
2017	4	11	0	0	0.232
2017	4	12	0	0	0.200
2017	4	13	0	0	0.191
2017	4	14	0	0	0.191
2017	4	15	0	0	0.191
2017	4	16	0	0	0.191
2017	4	17	0	0	0.191
2017	4	18	0	0	0.186
2017	4	19	0	0	0.207
2017	4	20	0	0	0.206
2017	4	21	0	0	0.189
2017	4	22	0	0	0.189
2017	4	23	0	0	0.189
2017	4	24	0	0	0.172
2017	4	25	0	0	0.222
2017	4	26	0	0	0.229
2017	4	27	0	0	0.169
2017	4	28	0	0	0.204
2017	4	29	0	0	0.204
2017	4	30	0	0	0.204
2017	5	1	0	0	0.204
2017	5	2	0	0	0.207
2017	5	3	0	0	0.191
2017	5	4	0	0	0.215
2017	5	5	0	0	0.242
2017	5	6	0	0	0.242
2017	5	7	0	0	0.242
2017	5	8	0	0	0.247
2017	5	9	0	0	0.264
2017	5	10	0	0	0.264
2017	5	11	0	0	0.261
2017	5	12	0	0	0.230
2017	5	13	0	0	0.230
2017	5	14	0	0	0.230
2017	5	15	0	0	0.208
2017	5	16	0	0	0.231
2017	5	17	0	0	0.211
2017	5	18	0	0	0.199
2017	5	19	0	0	0.189
2017	5	20	0	0	0.189
2017	5	21	0	0	0.189
2017	5	22	0	0	0.206
2017	5	23	0	0	0.199
2017	5	24	0	0	0.225
2017	5	25	0	0	0.235
2017	5	26	0	0	0.202
2017	5	27	0	0	0.202
2017	5	28	0	0	0.202
2017	5	29	0	0	0.202
2017	5	30	0	0	0.195
2017	5	31	0	0	0.214
2017	6	1	0	0	0.206
2017	6	2	0	0	0.204
2017	6	3	0	0	0.204
2017	6	4	0	0	0.204
2017	6	5	0	0	0.202
2017	6	6	0	0	0.202
2017	6	7	0	0	0.203
2017	6	8	0	0	0.192
2017	6	9	0	0	0.193
2017	6	10	0	0	0.193
2017	6	11	0	0	0.193
2017	6	12	0	0	0.233
2017	6	13	0	0	0.178
2017	6	14	0	0	0.241
2017	6	15	0	0	0.172
2017	6	16	0	0	0.215
2017	6	17	0	0	0.215
2017	6	18	0	0	0.215
2017	6	19	0	0	0.219
2017	6	20	0	0	0.169
2017	6	21	0	0	0.213
2017	6	22	0	0	0.215
2017	6	23	0	0	0.220
2017	6	24	0	0	0.220
2017	6	25	0	0	0.220
2017	6	26	0	0	0.259
2017	6	27	0	0	0.188
2017	6	28	0	0	0.277
2017	6	29	0	0	0.197
2017	6	30	0	0	0.230
2017	7	1	0	0	0.230
2017	7	2	0	0	0.230
2017	7	3	0	0	0.240
2017	7	4	0	0	0.217
2017	7	5	0	0	0.225
2017	7	6	0	0	0.238
2017	7	7	0	0	0.232
2017	7	8	0	0	0.232
2017	7	9	0	0	0.232
2017	7	10	0	0	0.232
2017	7	11	0	0	0.233
2017	7	12	0	0	0.246
2017	7	13	0	0	0.240
2017	7	14	0	0	0.251
2017	7	15	0	0	0.251
2017	7	16	0	0	0.251
2017	7	17	0	0	0.232
2017	7	18	0	0	0.263
2017	7	19	0	0	0.238
2017	7	20	0	0	0.229
2017	7	21	0	0	0.218
2017	7	22	0	0	0.218
2017	7	23	0	0	0.218
2017	7	24	0	0	0.245
2017	7	25	0	0	0.256
2017	7	26	0	0	0.225
2017	7	27	0	0	0.230
2017	7	28	0	0	0.227
2017	7	29	0	0	0.227
2017	7	30	0	0	0.227
2017	7	31	0	0	0.227
2017	8	1	0	0	0.192
2017	8	2	0	0	0.264
2017	8	3	0	0	0.212
2017	8	4	0	0	0.223
2017	8	5	0	0	0.223
2017	8	6	0	0	0.223
2017	8	7	0	0	0.234
2017	8	8	0	0	0.226
2017	8	9	0	0	0.237
2017	8	10	0	0	0.201
2017	8	11	0	0	0.238
2017	8	12	0	0	0.238
2017	8	13	0	0	0.238
2017	8	14	0	0	0.217
2017	8	15	0	0	0.232
2017	8	16	0	0	0.206
2017	8	17	0	0	0.234
2017	8	18	0	0	0.229
2017	8	19	0	0	0.229
2017	8	20	0	0	0.229
2017	8	21	0	0	0.218
2017	8	22	0	0	0.220
2017	8	23	0	0	0.224
2017	8	24	0	0	0.233
2017	8	25	0	0	0.220
2017	8	26	0	0	0.220
2017	8	27	0	0	0.220
2017	8	28	0	0	0.220
2017	8	29	0	0	0.223
2017	8	30	0	0	0.242
2017	8	31	0	0	0.211
2017	9	1	0	0	0.225
2017	9	2	0	0	0.225
2017	9	3	0	0	0.225
2017	9	4	0	0	0.213
2017	9	5	0	0	0.218
2017	9	6	0	0	0.221
2017	9	7	0	0	0.232
2017	9	8	0	0	0.211
2017	9	9	0	0	0.211
2017	9	10	0	0	0.211
2017	9	11	0	0	0.224
2017	9	12	0	0	0.220
2017	9	13	0	0	0.219
2017	9	14	0	0	0.227
2017	9	15	0	0	0.224
2017	9	16	0	0	0.224
2017	9	17	0	0	0.224
2017	9	18	0	0	0.208
2017	9	19	0	0	0.235
2017	9	20	0	0	0.213
2017	9	21	0	0	0.219
2017	9	22	0	0	0.222
2017	9	23	0	0	0.222
2017	9	24	0	0	0.222
2017	9	25	0	0	0.221
2017	9	26	0	0	0.217
2017	9	27	0	0	0.216
2017	9	28	0	0	0.191
2017	9	29	0	0	0.224
2017	9	30	0	0	0.224
2017	10	1	0	0	0.224
2017	10	2	0	0	0.210
2017	10	3	0	0	0.231
2017	10	4	0	0	0.201
2017	10	5	0	0	0.214
2017	10	6	0	0	0.222
2017	10	7	0	0	0.222
2017	10	8	0	0	0.222
2017	10	9	0	0	0.209
2017	10	10	0	0	0.227
2017	10	11	0	0	0.191
2017	10	12	0	0	0.258
2017	10	13	0	0	0.215
2017	10	14	0	0	0.215
2017	10	15	0	0	0.215
2017	10	16	0	0	0.219
2017	10	17	0	0	0.223
2017	10	18	0	0	0.226
2017	10	19	0	0	0.225
2017	10	20	0	0	0.221
2017	10	21	0	0	0.221
2017	10	22	0	0	0.221
2017	10	23	0	0	0.208
2017	10	24	0	0	0.233
2017	10	25	0	0	0.201
2017	10	26	0	0	0.220
2017	10	27	0	0	0.220
2017	10	28	0	0	0.220
2017	10	29	0	0	0.220
2017	10	30	0	0	0.215
2017	10	31	0	0	0.225
2017	11	1	0	0	0.217
2017	11	2	0	0	0.208
2017	11	3	0	0	0.219
2017	11	4	0	0	0.219
2017	11	5	0	0	0.219
2017	11	6	0	0	0.217
2017	11	7	0	0	0.211
2017	11	8	0	0	0.222
2017	11	9	0	0	0.224
2017	11	10	0	0	0.221
2017	11	11	0	0	0.221
2017	11	12	0	0	0.221
2017	11	13	0	0	0.208
2017	11	14	0	0	0.217
2017	11	15	0	0	0.229
2017	11	16	0	0	0.218
2017	11	17	0	0	0.217
2017	11	18	0	0	0.217
2017	11	19	0	0	0.217
2017	11	20	0	0	0.210
2017	11	21	0	0	0.223
2017	11	22	0	0	0.218
2017	11	23	0	0	0.206
2017	11	24	0	0	0.225
2017	11	25	0	0	0.225
2017	11	26	0	0	0.225
2017	11	27	0	0	0.214
2017	11	28	0	0	0.212
2017	11	29	0	0	0.226
2017	11	30	0	0	0.214
2017	12	1	0	0	0.221
2017	12	2	0	0	0.221
2017	12	3	0	0	0.221
2017	12	4	0	0	0.213
2017	12	5	0	0	0.213
2017	12	6	0	0	0.230
2017	12	7	0	0	0.202
2017	12	8	0	0	0.217
2017	12	9	0	0	0.217
2017	12	10	0	0	0.217
2017	12	11	0	0	0.211
2017	12	12	0	0	0.221
2017	12	13	0	0	0.242
2017	12	14	0	0	0.233
2017	12	15	0	0	0.224
2017	12	16	0	0	0.224
2017	12	17	0	0	0.224
2017	12	18	0	0	0.225
2017	12	19	0	0	0.226
2017	12	20	0	0	0.222
2017	12	21	0	0	0.229
2017	12	22	0	0	0.222
2017	12	23	0	0	0.222
2017	12	24	0	0	0.222
2017	12	25	0	0	0.222
2017	12	26	0	0	0.222
2017	12	27	0	0	0.228
2017	12	28	0	0	0.227
2017	12	29	0	0	0.227
2017	12	30	0	0	0.227
2017	12	31	0	0	0.227
2018	1	1	0	0	0.226
2018	1	2	0	0	0.222
2018	1	3	0	0	0.241
2018	1	4	0	0	0.204
2018	1	5	0	0	0.215
2018	1	6	0	0	0.215
2018	1	7	0	0	0.215
2018	1	8	0	0	0.230
2018	1	9	0	0	0.240
2018	1	10	0	0	0.201
2018	1	11	0	0	0.242
2018	1	12	0	0	0.225
2018	1	13	0	0	0.225
2018	1	14	0	0	0.225
2018	1	15	0	0	0.219
2018	1	16	0	0	0.213
2018	1	17	0	0	0.219
2018	1	18	0	0	0.220
2018	1	19	0	0	0.220
2018	1	20	0	0	0.220
2018	1	21	0	0	0.220
2018	1	22	0	0	0.217
2018	1	23	0	0	0.231
2018	1	24	0	0	0.229
2018	1	25	0	0	0.221
2018	1	26	0	0	0.236
2018	1	27	0	0	0.236
2018	1	28	0	0	0.236
2018	1	29	0	0	0.229
2018	1	30	0	0	0.228
2018	1	31	0	0	0.242
2018	2	1	0	0	0.247
2018	2	2	0	0	0.239
2018	2	3	0	0	0.239
2018	2	4	0	0	0.239
2018	2	5	0	0	0.231
2018	2	6	0	0	0.220
2018	2	7	0	0	0.215
2018	2	8	0	0	0.238
2018	2	9	0	0	0.245
2018	2	10	0	0	0.245
2018	2	11	0	0	0.245
2018	2	12	0	0	0.233
2018	2	13	0	0	0.230
2018	2	14	0	0	0.232
2018	2	15	0	0	0.234
2018	2	16	0	0	0.238
2018	2	17	0	0	0.238
2018	2	18	0	0	0.238
2018	2	19	0	0	0.220
2018	2	20	0	0	0.233
2018	2	21	0	0	0.239
2018	2	22	0	0	0.236
2018	2	23	0	0	0.239
2018	2	24	0	0	0.239
2018	2	25	0	0	0.239
2018	2	26	0	0	0.216
2018	2	27	0	0	0.233
2018	2	28	0	0	0.233
2018	3	1	0	0	0.255
2018	3	2	0	0	0.255
2018	3	3	0	0	0.255
2018	3	4	0	0	0.255
2018	3	5	0	0	0.252
2018	3	6	0	0	0.262
2018	3	7	0	0	0.263
2018	3	8	0	0	0.259
2018	3	9	0	0	0.254
2018	3	10	0	0	0.254
2018	3	11	0	0	0.254
2018	3	12	0	0	0.244
2018	3	13	0	0	0.233
2018	3	14	0	0	0.243
2018	3	15	0	0	0.233
2018	3	16	0	0	0.239
2018	3	17	0	0	0.239
2018	3	18	0	0	0.239
2018	3	19	0	0	0.220
2018	3	20	0	0	0.233
2018	3	21	0	0	0.233
2018	3	22	0	0	0.231
2018	3	23	0	0	0.236
2018	3	24	0	0	0.236
2018	3	25	0	0	0.236
2018	3	26	0	0	0.242
2018	3	27	0	0	0.223
2018	3	28	0	0	0.241
2018	3	29	0	0	0.234
2018	3	30	0	0	0.234
2018	3	31	0	0	0.234
2018	4	1	0	0	0.234
2018	4	2	0	0	0.234
2018	4	3	0	0	0.237
2018	4	4	0	0	0.228
2018	4	5	0	0	0.251
2018	4	6	0	0	0.229
2018	4	7	0	0	0.229
2018	4	8	0	0	0.229
2018	4	9	0	0	0.248
2018	4	10	0	0	0.212
2018	4	11	0	0	0.239
2018	4	12	0	0	0.246
2018	4	13	0	0	0.235
2018	4	14	0	0	0.235
2018	4	15	0	0	0.235
2018	4	16	0	0	0.238
2018	4	17	0	0	0.227
2018	4	18	0	0	0.230
2018	4	19	0	0	0.237
2018	4	20	0	0	0.232
2018	4	21	0	0	0.232
2018	4	22	0	0	0.232
2018	4	23	0	0	0.241
2018	4	24	0	0	0.212
2018	4	25	0	0	0.231
2018	4	26	0	0	0.231
2018	4	27	0	0	0.231
2018	4	28	0	0	0.231
2018	4	29	0	0	0.231
2018	4	30	0	0	0.237
2018	5	1	0	0	0.223
2018	5	2	0	0	0.222
2018	5	3	0	0	0.227
2018	5	4	0	0	0.226
2018	5	5	0	0	0.226
2018	5	6	0	0	0.226
2018	5	7	0	0	0.226
2018	5	8	0	0	0.251
2018	5	9	0	0	0.237
2018	5	10	0	0	0.226
2018	5	11	0	0	0.232
2018	5	12	0	0	0.232
2018	5	13	0	0	0.232
2018	5	14	0	0	0.234
2018	5	15	0	0	0.232
2018	5	16	0	0	0.204
2018	5	17	0	0	0.243
2018	5	18	0	0	0.248
2018	5	19	0	0	0.248
2018	5	20	0	0	0.248
2018	5	21	0	0	0.221
2018	5	22	0	0	0.231
2018	5	23	0	0	0.236
2018	5	24	0	0	0.239
2018	5	25	0	0	0.250
2018	5	26	0	0	0.250
2018	5	27	0	0	0.250
2018	5	28	0	0	0.250
2018	5	29	0	0	0.251
2018	5	30	0	0	0.224
2018	5	31	0	0	0.217
2018	6	1	0	0	0.242
2018	6	2	0	0	0.242
2018	6	3	0	0	0.242
2018	6	4	0	0	0.231
2018	6	5	0	0	0.239
2018	6	6	0	0	0.238
2018	6	7	0	0	0.242
2018	6	8	0	0	0.253
2018	6	9	0	0	0.253
2018	6	10	0	0	0.253
2018	6	11	0	0	0.244
2018	6	12	0	0	0.244
2018	6	13	0	0	0.236
2018	6	14	0	0	0.237
2018	6	15	0	0	0.225
2018	6	16	0	0	0.225
2018	6	17	0	0	0.225
2018	6	18	0	0	0.228
2018	6	19	0	0	0.229
2018	6	20	0	0	0.221
2018	6	21	0	0	0.231
2018	6	22	0	0	0.247
2018	6	23	0	0	0.247
2018	6	24	0	0	0.247
2018	6	25	0	0	0.251
2018	6	26	0	0	0.249
2018	6	27	0	0	0.263
2018	6	28	0	0	0.260
2018	6	29	0	0	0.262
2018	6	30	0	0	0.262
2018	7	1	0	0	0.262
2018	7	2	0	0	0.252
2018	7	3	0	0	0.261
2018	7	4	0	0	0.256
2018	7	5	0	0	0.257
2018	7	6	0	0	0.250
2018	7	7	0	0	0.250
2018	7	8	0	0	0.250
2018	7	9	0	0	0.254
2018	7	10	0	0	0.256
2018	7	11	0	0	0.252
2018	7	12	0	0	0.255
2018	7	13	0	0	0.247
2018	7	14	0	0	0.247
2018	7	15	0	0	0.247
2018	7	16	0	0	0.246
2018	7	17	0	0	0.241
2018	7	18	0	0	0.246
2018	7	19	0	0	0.245
2018	7	20	0	0	0.235
2018	7	21	0	0	0.235
2018	7	22	0	0	0.235
2018	7	23	0	0	0.227
2018	7	24	0	0	0.250
2018	7	25	0	0	0.217
2018	7	26	0	0	0.254
2018	7	27	0	0	0.228
2018	7	28	0	0	0.228
2018	7	29	0	0	0.228
2018	7	30	0	0	0.232
2018	7	31	0	0	0.230
2018	8	1	0	0	0.221
2018	8	2	0	0	0.236
2018	8	3	0	0	0.228
2018	8	4	0	0	0.228
2018	8	5	0	0	0.228
2018	8	6	0	0	0.228
2018	8	7	0	0	0.225
2018	8	8	0	0	0.242
2018	8	9	0	0	0.237
2018	8	10	0	0	0.236
2018	8	11	0	0	0.236
2018	8	12	0	0	0.236
2018	8	13	0	0	0.227
2018	8	14	0	0	0.242
2018	8	15	0	0	0.225
2018	8	16	0	0	0.242
2018	8	17	0	0	0.223
2018	8	18	0	0	0.223
2018	8	19	0	0	0.223
2018	8	20	0	0	0.231
2018	8	21	0	0	0.244
2018	8	22	0	0	0.243
2018	8	23	0	0	0.243
2018	8	24	0	0	0.228
2018	8	25	0	0	0.228
2018	8	26	0	0	0.228
2018	8	27	0	0	0.228
2018	8	28	0	0	0.228
2018	8	29	0	0	0.238
2018	8	30	0	0	0.252
2018	8	31	0	0	0.221
2018	9	1	0	0	0.221
2018	9	2	0	0	0.221
2018	9	3	0	0	0.225
2018	9	4	0	0	0.245
2018	9	5	0	0	0.228
2018	9	6	0	0	0.231
2018	9	7	0	0	0.229
2018	9	8	0	0	0.229
2018	9	9	0	0	0.229
2018	9	10	0	0	0.238
2018	9	11	0	0	0.230
2018	9	12	0	0	0.234
2018	9	13	0	0	0.222
2018	9	14	0	0	0.227
2018	9	15	0	0	0.227
2018	9	16	0	0	0.227
2018	9	17	0	0	0.233
2018	9	18	0	0	0.224
2018	9	19	0	0	0.218
2018	9	20	0	0	0.244
2018	9	21	0	0	0.223
2018	9	22	0	0	0.223
2018	9	23	0	0	0.223
2018	9	24	0	0	0.230
2018	9	25	0	0	0.216
2018	9	26	0	0	0.231
2018	9	27	0	0	0.219
2018	9	28	0	0	0.223
2018	9	29	0	0	0.223
2018	9	30	0	0	0.223
2018	10	1	0	0	0.223
2018	10	2	0	0	0.223