:OC1 - TEST CATCHMENT- OC COMPONENT DATA SET: NT, NCATR, KONT, BIOWAT           
      1      7      1      F
:OC2 - TIMESTEP CONTROL (currently not used)                                    
 1.0000 99999.
:OC3 - OTHER PARAMETERS. SMIN,CDRS,TDC,TFC,DET. (SMIN & DET not used)           
 100.00    0.0    0.0 99999.    0.0
 2.0000 5.0000 1.0000 0.5000 0.5000 1.0000 20.000
:OC14 STRX                                                                      
     30 000000000000000000000000000000
     29 033333333333443333353666555430
     28 033331333334343336655555555530
     27 033333333333333336655565555330
     26 033333433333443333633566553330
     25 033333333334333366363533633330
     24 033333243333333336336333333330
     23 033333322333344366663333336660
     22 053333353333333363333333333330
     21 033333333333323666333333366660
     20 035533333334323663333666663330
     19 035533333336622336333333633330
     18 033553663336632336333336333330
     17 035333633333332333333336333330
     16 033333333333332333333333333630
     15 034333333333333233333333336330
     14 033333333333333344433333333330
     13 033333333333663433333333333330
     12 034333663333336645223633333330
     11 022236336633336366523333333330
     10 022223555336633333632333336330
      9 033322255555333333333333333330
      8 033665223455455333333333333330
      7 055566335555455555333333333330
      6 033336666566555555533333333330
      5 033333366666635333555333333330
      4 033333336633363333355533333330
      3 033333336636333333333333333330
      2 033333333333333333333333333330
      1 000000000000000000000000000000
:OC17 STRY                                                                      
     30 000000000000000000000000000000
     29 033333333333443333353666555430
     28 033331333334343336655555555530
     27 033333333333333336655565555330
     26 033333433333443333633566553330
     25 033333333334333366363533633330
     24 033333243333333336336333333330
     23 033333322333344366663333336660
     22 053333353333333363333333333330
     21 033333333333323666333333366660
     20 035533333334323663333666663330
     19 035533333336622336333333633330
     18 033553663336632336333336333330
     17 035333633333332333333336333330
     16 033333333333332333333333333630
     15 034333333333333233333333336330
     14 033333333333333344433333333330
     13 033333333333663433333333333330
     12 034333663333336645223633333330
     11 022236336633336366523333333330
     10 022223555336633333632333336330
      9 033322255555333333333333333330
      8 033665223455455333333333333330
      7 055566335555455555333333333330
      6 033336666566555555533333333330
      5 033333366666635333555333333330
      4 033333336633363333355533333330
      3 033333336636333333333333333330
      2 033333333333333333333333333330
      1 000000000000000000000000000000
:OC20 - HEAD AND FLUX BOUNDARY CONDITIONS: NOCHB, NOCFB, NOCPB                  
      0      0      0
:OC30 - NUMBER OF DEFAULT CHANNEL CROSS-SECTIONS                                
      0
:OC35 - CHANNEL LINK DATA(LINK NO.,BED ELEV.,DEPTH, STR. COEFF.,DEF X-S)        
      1 105.00    0.0 20.000      2
 8.8590    0.0 8.8590 1.5000
      2 106.00    0.0 20.000      2
 6.9397    0.0 6.9397 1.5000
      3 118.78    0.0 20.000      2
 6.6777    0.0 6.6777 1.5000
      4 129.69    0.0 20.000      2
 6.1202    0.0 6.1202 1.5000
      5 143.83    0.0 20.000      2
 5.3422    0.0 5.3422 1.5000
      6 173.46    0.0 20.000      2
 4.6265    0.0 4.6265 1.5000
      7 104.50    0.0 20.000      2
 9.1560    0.0 9.1560 1.5000
      8 104.00    0.0 20.000      2
 10.259    0.0 10.259 1.5000
      9 102.50    0.0 20.000      2
 13.288    0.0 13.288 1.5000
     10 103.00    0.0 20.000      2
 13.154    0.0 13.154 1.5000
     11 102.00    0.0 20.000      2
 13.554    0.0 13.554 1.5000
     12 104.00    0.0 20.000      2
 6.6777    0.0 6.6777 1.5000
     13 101.50    0.0 20.000      2
 13.685    0.0 13.685 1.5000
     14 101.00    0.0 20.000      2
 13.943    0.0 13.943 1.5000
     15 110.36    0.0 20.000      2
 6.5428    0.0 6.5428 1.5000
     16 117.04    0.0 20.000      2
 4.2234    0.0 4.2234 1.5000
     17 100.55    0.0 20.000      2
 15.344    0.0 15.344 1.5000
     18 100.00    0.0 20.000      2
 14.260    0.0 14.260 1.5000
     19 149.63    0.0 20.000      2
 6.2643    0.0 6.2643 1.5000
     20 218.91    0.0 20.000      2
 4.6265    0.0 4.6265 1.5000
     21 160.55    0.0 20.000      2
 5.9727    0.0 5.9727 1.5000
     22 177.08    0.0 20.000      2
 5.6662    0.0 5.6662 1.5000
     23 202.75    0.0 20.000      2
 5.3422    0.0 5.3422 1.5000
     24 198.06    0.0 20.000      2
 5.3422    0.0 5.3422 1.5000
     25 186.88    0.0 20.000      2
 16.027    0.0 16.027 1.5000
     26 221.53    0.0 20.000      2
 4.2234    0.0 4.2234 1.5000
     27 176.61    0.0 20.000      2
 16.734    0.0 16.734 1.5000
     28 163.48    0.0 20.000      2
 4.8154    0.0 4.8154 1.5000
     29 140.00    0.0 20.000      2
 16.734    0.0 16.734 1.5000
     30 138.70    0.0 20.000      2
 5.3422    0.0 5.3422 1.5000
     31 120.00    0.0 20.000      2
 16.734    0.0 16.734 1.5000
     32 118.68    0.0 20.000      2
 9.5377    0.0 9.5377 1.5000
     33 110.00    0.0 20.000      2
 9.6307    0.0 9.6307 1.5000
     34 101.00    0.0 20.000      2
 9.7229    0.0 9.7229 1.5000
     35 100.00    0.0 20.000      2
 9.8142    0.0 9.8142 1.5000
     36 119.04    0.0 20.000      2
 9.5377    0.0 9.5377 1.5000
     37 96.000    0.0 20.000      2
 40.000    0.0 40.000 1.0000
     38 119.40    0.0 20.000      2
 7.4360    0.0 7.4360 1.5000
     39 92.200    0.0 20.000      2
 40.000    0.0 40.000 2.5000
             2 50.000 0.7000 92.300 91.200
     40 120.00    0.0 20.000      2
 5.5066    0.0 5.5066 1.5000
     41 120.20    0.0 20.000      2
 4.9971    0.0 4.9971 1.5000
     42 120.40    0.0 20.000      2
 4.6265    0.0 4.6265 1.5000
     43 123.87    0.0 20.000      2
 4.2234    0.0 4.2234 1.5000
