:OC1 - TEST CATCHMENT- OC COMPONENT DATA SET: NT, NCATR, KONT, BIOWAT           
      1      0      1      F
:OC2 - TIMESTEP CONTROL (currently not used)                                    
 1.0000 99999.
:OC3 - OTHER PARAMETERS. SMIN,CDRS,TDC,TFC,DET. (SMIN & DET not used)           
 100.00 1.0000    0.0 99999.    0.0
:OC20 - HEAD AND FLUX BOUNDARY CONDITIONS: NOCHB, NOCFB, NOCPB                  
      0      0      0
:OC30 - NUMBER OF DEFAULT CHANNEL CROSS-SECTIONS                                
      0
:OC35 - CHANNEL LINK DATA(LINK NO.,BED ELEV.,DEPTH, STR. COEFF.,DEF X-S)        
      1 17.500    0.0 20.000      2
 0.4626    0.0 0.4626 1.5000
      2 17.000    0.0 20.000      2
 0.5342    0.0 0.5342 1.5000
      3 16.000    0.0 20.000      2
 0.5973    0.0 0.5973 1.5000
      4 62.000    0.0 20.000      2
 0.3777    0.0 0.3777 1.5000
      5 15.000    0.0 20.000      2
 0.6543    0.0 0.6543 1.5000
      6 59.000    0.0 20.000      2
 0.3777    0.0 0.3777 1.5000
      7 59.000    0.0 20.000      2
 0.3777    0.0 0.3777 1.5000
      8 60.000    0.0 20.000      2
 0.4626    0.0 0.4626 1.5000
      9 14.550    0.0 20.000      2
 0.8447    0.0 0.8447 1.5000
     10 12.000    0.0 20.000      2
 13.235    0.0 13.235 1.5000
             4 50.000 0.7000 12.100 11.000
     11 58.100    0.0 20.000      2
 0.7555    0.0 0.7555 1.5000
     12 18.200    0.0 20.000      2
 0.5973    0.0 0.5973 1.5000
     13 18.100    0.0 20.000      2
 0.7067    0.0 0.7067 1.5000
     14 18.000    0.0 20.000      2
 0.7555    0.0 0.7555 1.5000
     15 17.900    0.0 20.000      2
 0.8859    0.0 0.8859 1.5000
     16 17.800    0.0 20.000      2
 1.1013    0.0 1.1013 1.5000
     17 17.000    0.0 20.000      2
 1.1643    0.0 1.1643 1.5000
     18 16.500    0.0 20.000      2
 1.1945    0.0 1.1945 1.5000
     19 16.000    0.0 20.000      2
 1.2240    0.0 1.2240 1.5000
     20 15.000    0.0 20.000      2
 1.2529    0.0 1.2529 1.5000
     21 14.100    0.0 20.000      2
 1.2810    0.0 1.2810 1.5000
     22 14.000    0.0 20.000      2
 1.3086    0.0 1.3086 1.5000
     23 57.400    0.0 20.000      2
 0.7555    0.0 0.7555 1.5000
     24 58.000    0.0 20.000      2
 0.7555    0.0 0.7555 1.5000
     25 59.100    0.0 20.000      2
 0.3777    0.0 0.3777 1.5000
     26 18.500    0.0 20.000      2
 0.5342    0.0 0.5342 1.5000
     27 17.100    0.0 20.000      2
 1.1643    0.0 1.1643 1.5000
     28 16.150    0.0 20.000      2
 1.2240    0.0 1.2240 1.5000
     29 14.200    0.0 20.000      2
 1.2810    0.0 1.2810 1.5000
     30 13.500    0.0 20.000      2
 1.3355    0.0 1.3355 1.5000
     31 12.500    0.0 20.000      2
 13.189    0.0 13.189 1.5000
     32 57.250    0.0 20.000      2
 0.9631    0.0 0.9631 1.5000
     33 55.500    0.0 20.000      2
 1.4134    0.0 1.4134 1.5000
     34 59.000    0.0 20.000      2
 0.4626    0.0 0.4626 1.5000
     35 18.938    0.0 20.000      2
 0.4626    0.0 0.4626 1.5000
     36 17.200    0.0 20.000      2
 0.4626    0.0 0.4626 1.5000
     37 16.300    0.0 20.000      2
 0.5973    0.0 0.5973 1.5000
     38 14.300    0.0 20.000      2
 0.7067    0.0 0.7067 1.5000
     39 13.350    0.0 20.000      2
 13.096    0.0 13.096 1.5000
     40 13.000    0.0 20.000      2
 13.113    0.0 13.113 1.5000
     41 61.000    0.0 20.000      2
 0.4626    0.0 0.4626 1.5000
     42 59.050    0.0 20.000      2
 0.5342    0.0 0.5342 1.5000
     43 57.100    0.0 20.000      2
 0.9631    0.0 0.9631 1.5000
     44 57.000    0.0 20.000      2
 1.1332    0.0 1.1332 1.5000
     45 56.000    0.0 20.000      2
 1.6027    0.0 1.6027 1.5000
     46 13.200    0.0 20.000      2
 13.096    0.0 13.096 1.5000
     47 13.100    0.0 20.000      2
 13.105    0.0 13.105 1.5000
     48 58.000    0.0 20.000      2
 0.6543    0.0 0.6543 1.5000
     49 53.000    0.0 20.000      2
 1.6466    0.0 1.6466 1.5000
     50 56.500    0.0 20.000      2
 0.5342    0.0 0.5342 1.5000
     51 13.500    0.0 20.000      2
 13.069    0.0 13.069 1.5000
     52 68.000    0.0 20.000      2
 0.3777    0.0 0.3777 1.5000
     53 67.000    0.0 20.000      2
 0.4626    0.0 0.4626 1.5000
     54 61.000    0.0 20.000      2
 0.5342    0.0 0.5342 1.5000
     55 60.000    0.0 20.000      2
 0.5973    0.0 0.5973 1.5000
     56 49.100    0.0 20.000      2
 1.8506    0.0 1.8506 1.5000
     57 19.300    0.0 20.000      2
 0.3777    0.0 0.3777 1.5000
     58 14.000    0.0 20.000      2
 13.064    0.0 13.064 1.5000
     59 49.000    0.0 20.000      2
 1.9075    0.0 1.9075 1.5000
     60 52.000    0.0 20.000      2
 0.5973    0.0 0.5973 1.5000
     61 26.200    0.0 20.000      2
 0.4626    0.0 0.4626 1.5000
     62 23.200    0.0 20.000      2
 0.5973    0.0 0.5973 1.5000
     63 21.000    0.0 20.000      2
 0.6543    0.0 0.6543 1.5000
     64 19.150    0.0 20.000      2
 0.7555    0.0 0.7555 1.5000
     65 16.000    0.0 20.000      2
 0.5342    0.0 0.5342 1.5000
     66 14.100    0.0 20.000      2
 13.039    0.0 13.039 1.5000
     67 55.000    0.0 20.000      2
 0.7555    0.0 0.7555 1.5000
     68 51.875    0.0 20.000      2
 1.8506    0.0 1.8506 1.5000
     69 48.750    0.0 20.000      2
 2.0166    0.0 2.0166 1.5000
     70 50.250    0.0 20.000      2
 2.1369    0.0 2.1369 1.5000
     71 19.050    0.0 20.000      2
 0.8447    0.0 0.8447 1.5000
     72 15.600    0.0 20.000      2
 12.984    0.0 12.984 1.5000
     73 15.200    0.0 20.000      2
 13.006    0.0 13.006 1.5000
     74 15.100    0.0 20.000      2
 13.020    0.0 13.020 1.5000
     75 15.000    0.0 20.000      2
 13.023    0.0 13.023 1.5000
     76 58.000    0.0 20.000      2
 0.4626    0.0 0.4626 1.5000
     77 48.500    0.0 20.000      2
 2.1369    0.0 2.1369 1.5000
     78 27.000    0.0 20.000      2
 0.4626    0.0 0.4626 1.5000
     79 26.100    0.0 20.000      2
 0.5973    0.0 0.5973 1.5000
     80 23.100    0.0 20.000      2
 0.7067    0.0 0.7067 1.5000
     81 20.750    0.0 20.000      2
 1.0345    0.0 1.0345 1.5000
     82 18.950    0.0 20.000      2
 1.1332    0.0 1.1332 1.5000
     83 17.000    0.0 20.000      2
 0.4626    0.0 0.4626 1.5000
     84 15.500    0.0 20.000      2
 12.990    0.0 12.990 1.5000
     85 16.000    0.0 20.000      2
 0.4626    0.0 0.4626 1.5000
     86 48.500    0.0 20.000      2
 2.0166    0.0 2.0166 1.5000
     87 48.000    0.0 20.000      2
 2.2188    0.0 2.2188 1.5000
     88 47.500    0.0 20.000      2
 2.3286    0.0 2.3286 1.5000
     89 48.000    0.0 20.000      2
 0.7067    0.0 0.7067 1.5000
     90 53.000    0.0 20.000      2
 0.3777    0.0 0.3777 1.5000
     91 26.900    0.0 20.000      2
 0.5973    0.0 0.5973 1.5000
     92 26.500    0.0 20.000      2
 0.9994    0.0 0.9994 1.5000
     93 26.000    0.0 20.000      2
 1.0345    0.0 1.0345 1.5000
     94 24.000    0.0 20.000      2
 1.0684    0.0 1.0684 1.5000
     95 23.000    0.0 20.000      2
 1.1013    0.0 1.1013 1.5000
     96 20.500    0.0 20.000      2
 1.1332    0.0 1.1332 1.5000
     97 20.000    0.0 20.000      2
 1.1643    0.0 1.1643 1.5000
     98 19.000    0.0 20.000      2
 1.1945    0.0 1.1945 1.5000
     99 18.850    0.0 20.000      2
 1.6893    0.0 1.6893 1.5000
    100 16.550    0.0 20.000      2
 1.0684    0.0 1.0684 1.5000
    101 16.100    0.0 20.000      2
 12.979    0.0 12.979 1.5000
    102 16.000    0.0 20.000      2
 12.984    0.0 12.984 1.5000
    103 49.000    0.0 20.000      2
 0.4626    0.0 0.4626 1.5000
    104 47.000    0.0 20.000      2
 2.3286    0.0 2.3286 1.5000
    105 21.250    0.0 20.000      2
 1.1332    0.0 1.1332 1.5000
    106 18.750    0.0 20.000      2
 1.6893    0.0 1.6893 1.5000
    107 16.500    0.0 20.000      2
 12.965    0.0 12.965 1.5000
    108 17.000    0.0 20.000      2
 0.3777    0.0 0.3777 1.5000
    109 70.000    0.0 20.000      2
 0.3777    0.0 0.3777 1.5000
    110 67.000    0.0 20.000      2
 0.8013    0.0 0.8013 1.5000
    111 18.750    0.0 20.000      2
 1.1945    0.0 1.1945 1.5000
    112 18.500    0.0 20.000      2
 1.8312    0.0 1.8312 1.5000
    113 18.200    0.0 20.000      2
 1.8506    0.0 1.8506 1.5000
    114 18.100    0.0 20.000      2
 1.8698    0.0 1.8698 1.5000
    115 18.000    0.0 20.000      2
 1.8887    0.0 1.8887 1.5000
    116 63.000    0.0 20.000      2
 0.9253    0.0 0.9253 1.5000
    117 58.000    0.0 20.000      2
 0.3777    0.0 0.3777 1.5000
    118 46.000    0.0 20.000      2
 2.4040    0.0 2.4040 1.5000
    119 40.200    0.0 20.000      2
 0.4626    0.0 0.4626 1.5000
    120 34.200    0.0 20.000      2
 0.5973    0.0 0.5973 1.5000
    121 29.200    0.0 20.000      2
 0.8447    0.0 0.8447 1.5000
    122 22.000    0.0 20.000      2
 0.9994    0.0 0.9994 1.5000
    123 19.000    0.0 20.000      2
 1.0684    0.0 1.0684 1.5000
    124 17.650    0.0 20.000      2
 12.874    0.0 12.874 1.5000
    125 17.000    0.0 20.000      2
 12.915    0.0 12.915 1.5000
    126 59.650    0.0 20.000      2
 1.1332    0.0 1.1332 1.5000
    127 59.800    0.0 20.000      2
 0.7067    0.0 0.7067 1.5000
    128 45.000    0.0 20.000      2
 2.4626    0.0 2.4626 1.5000
    129 17.300    0.0 20.000      2
 12.874    0.0 12.874 1.5000
    130 17.200    0.0 20.000      2
 12.880    0.0 12.880 1.5000
    131 17.100    0.0 20.000      2
 12.885    0.0 12.885 1.5000
    132 59.500    0.0 20.000      2
 1.1332    0.0 1.1332 1.5000
    133 51.000    0.0 20.000      2
 0.4626    0.0 0.4626 1.5000
    134 52.000    0.0 20.000      2
 0.3777    0.0 0.3777 1.5000
    135 41.000    0.0 20.000      2
 2.6035    0.0 2.6035 1.5000
    136 40.100    0.0 20.000      2
 0.6543    0.0 0.6543 1.5000
    137 34.100    0.0 20.000      2
 0.7555    0.0 0.7555 1.5000
    138 29.100    0.0 20.000      2
 0.8447    0.0 0.8447 1.5000
    139 17.500    0.0 20.000      2
 12.729    0.0 12.729 1.5000
    140 17.500    0.0 20.000      2
 0.7555    0.0 0.7555 1.5000
    141 72.000    0.0 20.000      2
 0.4626    0.0 0.4626 1.5000
    142 67.000    0.0 20.000      2
 0.5342    0.0 0.5342 1.5000
    143 59.000    0.0 20.000      2
 0.5973    0.0 0.5973 1.5000
    144 48.000    0.0 20.000      2
 0.3777    0.0 0.3777 1.5000
    145 43.000    0.0 20.000      2
 2.4626    0.0 2.4626 1.5000
    146 38.000    0.0 20.000      2
 2.6711    0.0 2.6711 1.5000
    147 40.050    0.0 20.000      2
 2.8015    0.0 2.8015 1.5000
    148 43.000    0.0 20.000      2
 0.4626    0.0 0.4626 1.5000
    149 49.000    0.0 20.000      2
 0.3777    0.0 0.3777 1.5000
    150 51.000    0.0 20.000      2
 0.3777    0.0 0.3777 1.5000
    151 49.000    0.0 20.000      2
 0.4626    0.0 0.4626 1.5000
    152 47.000    0.0 20.000      2
 0.5342    0.0 0.5342 1.5000
    153 43.000    0.0 20.000      2
 0.5973    0.0 0.5973 1.5000
    154 40.000    0.0 20.000      2
 0.6543    0.0 0.6543 1.5000
    155 37.000    0.0 20.000      2
 0.7067    0.0 0.7067 1.5000
    156 34.000    0.0 20.000      2
 0.7555    0.0 0.7555 1.5000
    157 31.000    0.0 20.000      2
 0.8013    0.0 0.8013 1.5000
    158 29.000    0.0 20.000      2
 0.8447    0.0 0.8447 1.5000
    159 28.000    0.0 20.000      2
 0.8859    0.0 0.8859 1.5000
    160 27.000    0.0 20.000      2
 0.9253    0.0 0.9253 1.5000
    161 24.000    0.0 20.000      2
 0.9631    0.0 0.9631 1.5000
    162 21.000    0.0 20.000      2
 0.9994    0.0 0.9994 1.5000
    163 20.000    0.0 20.000      2
 1.0345    0.0 1.0345 1.5000
    164 56.000    0.0 20.000      2
 1.3355    0.0 1.3355 1.5000
    165 54.200    0.0 20.000      2
 1.5802    0.0 1.5802 1.5000
    166 48.200    0.0 20.000      2
 1.7918    0.0 1.7918 1.5000
    167 46.500    0.0 20.000      2
 1.8698    0.0 1.8698 1.5000
    168 37.100    0.0 20.000      2
 2.8015    0.0 2.8015 1.5000
    169 35.500    0.0 20.000      2
 0.5973    0.0 0.5973 1.5000
    170 30.000    0.0 20.000      2
 0.7067    0.0 0.7067 1.5000
    171 27.100    0.0 20.000      2
 0.8013    0.0 0.8013 1.5000
    172 21.100    0.0 20.000      2
 0.8859    0.0 0.8859 1.5000
    173 19.000    0.0 20.000      2
 1.0684    0.0 1.0684 1.5000
    174 18.700    0.0 20.000      2
 1.1332    0.0 1.1332 1.5000
    175 18.300    0.0 20.000      2
 1.1945    0.0 1.1945 1.5000
    176 18.000    0.0 20.000      2
 12.667    0.0 12.667 1.5000
    177 18.000    0.0 20.000      2
 0.5973    0.0 0.5973 1.5000
    178 74.000    0.0 20.000      2
 0.4626    0.0 0.4626 1.5000
    179 46.375    0.0 20.000      2
 3.4724    0.0 3.4724 1.5000
    180 47.000    0.0 20.000      2
 0.3777    0.0 0.3777 1.5000
    181 18.150    0.0 20.000      2
 12.594    0.0 12.594 1.5000
    182 18.150    0.0 20.000      2
 12.667    0.0 12.667 1.5000
    183 18.300    0.0 20.000      2
 0.3777    0.0 0.3777 1.5000
    184 71.000    0.0 20.000      2
 0.5342    0.0 0.5342 1.5000
    185 55.550    0.0 20.000      2
 2.6977    0.0 2.6977 1.5000
    186 54.100    0.0 20.000      2
 2.7630    0.0 2.7630 1.5000
    187 48.100    0.0 20.000      2
 2.8015    0.0 2.8015 1.5000
    188 45.750    0.0 20.000      2
 3.4724    0.0 3.4724 1.5000
    189 37.000    0.0 20.000      2
 2.8519    0.0 2.8519 1.5000
    190 37.000    0.0 20.000      2
 0.4626    0.0 0.4626 1.5000
    191 31.000    0.0 20.000      2
 0.5973    0.0 0.5973 1.5000
    192 27.200    0.0 20.000      2
 0.7067    0.0 0.7067 1.5000
    193 21.200    0.0 20.000      2
 0.8013    0.0 0.8013 1.5000
    194 18.800    0.0 20.000      2
 12.529    0.0 12.529 1.5000
    195 18.550    0.0 20.000      2
 12.563    0.0 12.563 1.5000
    196 18.100    0.0 20.000      2
 12.611    0.0 12.611 1.5000
    197 18.100    0.0 20.000      2
 0.3777    0.0 0.3777 1.5000
    198 77.000    0.0 20.000      2
 0.3777    0.0 0.3777 1.5000
    199 71.000    0.0 20.000      2
 0.4626    0.0 0.4626 1.5000
    200 59.000    0.0 20.000      2
 0.5973    0.0 0.5973 1.5000
    201 57.050    0.0 20.000      2
 2.5481    0.0 2.5481 1.5000
    202 55.100    0.0 20.000      2
 2.6977    0.0 2.6977 1.5000
    203 55.000    0.0 20.000      2
 2.7370    0.0 2.7370 1.5000
    204 54.000    0.0 20.000      2
 2.7630    0.0 2.7630 1.5000
    205 49.000    0.0 20.000      2
 2.7887    0.0 2.7887 1.5000
    206 48.000    0.0 20.000      2
 2.8015    0.0 2.8015 1.5000
    207 46.000    0.0 20.000      2
 3.3892    0.0 3.3892 1.5000
    208 45.000    0.0 20.000      2
 3.5031    0.0 3.5031 1.5000
    209 36.500    0.0 20.000      2
 2.9015    0.0 2.9015 1.5000
    210 18.600    0.0 20.000      2
 12.529    0.0 12.529 1.5000
    211 18.500    0.0 20.000      2
 12.554    0.0 12.554 1.5000
    212 18.400    0.0 20.000      2
 12.563    0.0 12.563 1.5000
    213 18.300    0.0 20.000      2
 12.582    0.0 12.582 1.5000
    214 18.200    0.0 20.000      2
 12.594    0.0 12.594 1.5000
    215 68.000    0.0 20.000      2
 0.5342    0.0 0.5342 1.5000
    216 56.000    0.0 20.000      2
 2.5897    0.0 2.5897 1.5000
    217 44.000    0.0 20.000      2
 3.5234    0.0 3.5234 1.5000
    218 36.000    0.0 20.000      2
 2.9260    0.0 2.9260 1.5000
    219 39.000    0.0 20.000      2
 0.3777    0.0 0.3777 1.5000
    220 18.700    0.0 20.000      2
 12.494    0.0 12.494 1.5000
    221 19.100    0.0 20.000      2
 0.5973    0.0 0.5973 1.5000
    222 56.500    0.0 20.000      2
 2.5481    0.0 2.5481 1.5000
    223 43.000    0.0 20.000      2
 3.7586    0.0 3.7586 1.5000
    224 38.000    0.0 20.000      2
 3.8057    0.0 3.8057 1.5000
    225 35.800    0.0 20.000      2
 2.9624    0.0 2.9624 1.5000
    226 35.700    0.0 20.000      2
 2.9983    0.0 2.9983 1.5000
    227 37.200    0.0 20.000      2
 3.0455    0.0 3.0455 1.5000
    228 19.000    0.0 20.000      2
 12.483    0.0 12.483 1.5000
    229 19.350    0.0 20.000      2
 12.494    0.0 12.494 1.5000
    230 64.500    0.0 20.000      2
 2.2665    0.0 2.2665 1.5000
    231 57.000    0.0 20.000      2
 2.4481    0.0 2.4481 1.5000
    232 44.250    0.0 20.000      2
 3.7586    0.0 3.7586 1.5000
    233 37.500    0.0 20.000      2
 3.8337    0.0 3.8337 1.5000
    234 35.600    0.0 20.000      2
 3.0455    0.0 3.0455 1.5000
    235 36.000    0.0 20.000      2
 0.5342    0.0 0.5342 1.5000
    236 19.500    0.0 20.000      2
 12.454    0.0 12.454 1.5000
    237 20.000    0.0 20.000      2
 0.6543    0.0 0.6543 1.5000
    238 20.000    0.0 20.000      2
 0.5342    0.0 0.5342 1.5000
    239 73.000    0.0 20.000      2
 0.3777    0.0 0.3777 1.5000
    240 68.000    0.0 20.000      2
 0.4626    0.0 0.4626 1.5000
    241 64.500    0.0 20.000      2
 2.0690    0.0 2.0690 1.5000
    242 61.000    0.0 20.000      2
 2.2665    0.0 2.2665 1.5000
    243 57.100    0.0 20.000      2
 2.3590    0.0 2.3590 1.5000
    244 46.000    0.0 20.000      2
 1.2240    0.0 1.2240 1.5000
    245 45.500    0.0 20.000      2
 1.2529    0.0 1.2529 1.5000
    246 37.000    0.0 20.000      2
 3.8708    0.0 3.8708 1.5000
    247 32.000    0.0 20.000      2
 0.3777    0.0 0.3777 1.5000
    248 28.000    0.0 20.000      2
 0.4626    0.0 0.4626 1.5000
    249 24.000    0.0 20.000      2
 0.5342    0.0 0.5342 1.5000
    250 22.050    0.0 20.000      2
 12.400    0.0 12.400 1.5000
    251 20.100    0.0 20.000      2
 12.431    0.0 12.431 1.5000
    252 20.000    0.0 20.000      2
 12.446    0.0 12.446 1.5000
    253 66.000    0.0 20.000      2
 2.1700    0.0 2.1700 1.5000
    254 52.000    0.0 20.000      2
 0.4626    0.0 0.4626 1.5000
    255 48.000    0.0 20.000      2
 1.1013    0.0 1.1013 1.5000
    256 36.400    0.0 20.000      2
 3.9075    0.0 3.9075 1.5000
    257 35.450    0.0 20.000      2
 5.5453    0.0 5.5453 1.5000
    258 35.000    0.0 20.000      2
 5.6473    0.0 5.6473 1.5000
    259 20.200    0.0 20.000      2
 12.411    0.0 12.411 1.5000
    260 23.000    0.0 20.000      2
 0.5973    0.0 0.5973 1.5000
    261 21.000    0.0 20.000      2
 0.4626    0.0 0.4626 1.5000
    262 67.000    0.0 20.000      2
 2.0690    0.0 2.0690 1.5000
    263 50.000    0.0 20.000      2
 0.8859    0.0 0.8859 1.5000
    264 36.300    0.0 20.000      2
 4.2821    0.0 4.2821 1.5000
    265 36.200    0.0 20.000      2
 4.3564    0.0 4.3564 1.5000
    266 36.100    0.0 20.000      2
 4.4214    0.0 4.4214 1.5000
    267 36.000    0.0 20.000      2
 4.4616    0.0 4.4616 1.5000
    268 35.700    0.0 20.000      2
 4.4696    0.0 4.4696 1.5000
    269 35.500    0.0 20.000      2
 4.4776    0.0 4.4776 1.5000
    270 35.400    0.0 20.000      2
 4.5565    0.0 4.5565 1.5000
    271 35.300    0.0 20.000      2
 5.5453    0.0 5.5453 1.5000
    272 35.200    0.0 20.000      2
 5.5838    0.0 5.5838 1.5000
    273 35.100    0.0 20.000      2
 5.6093    0.0 5.6093 1.5000
    274 34.000    0.0 20.000      2
 5.6599    0.0 5.6599 1.5000
    275 33.000    0.0 20.000      2
 5.6725    0.0 5.6725 1.5000
    276 20.500    0.0 20.000      2
 12.400    0.0 12.400 1.5000
    277 21.600    0.0 20.000      2
 12.411    0.0 12.411 1.5000
    278 67.500    0.0 20.000      2
 1.9989    0.0 1.9989 1.5000
    279 51.000    0.0 20.000      2
 0.9253    0.0 0.9253 1.5000
    280 37.150    0.0 20.000      2
 4.2821    0.0 4.2821 1.5000
    281 36.550    0.0 20.000      2
 4.4214    0.0 4.4214 1.5000
    282 35.600    0.0 20.000      2
 4.4776    0.0 4.4776 1.5000
    283 35.450    0.0 20.000      2
 4.5877    0.0 4.5877 1.5000
    284 35.000    0.0 20.000      2
 5.6599    0.0 5.6599 1.5000
    285 29.000    0.0 20.000      2
 5.6914    0.0 5.6914 1.5000
    286 21.000    0.0 20.000      2
 12.388    0.0 12.388 1.5000
    287 23.000    0.0 20.000      2
 0.3777    0.0 0.3777 1.5000
    288 26.000    0.0 20.000      2
 0.5342    0.0 0.5342 1.5000
    289 78.000    0.0 20.000      2
 0.4626    0.0 0.4626 1.5000
    290 74.500    0.0 20.000      2
 0.5342    0.0 0.5342 1.5000
    291 71.000    0.0 20.000      2
 1.7918    0.0 1.7918 1.5000
    292 68.000    0.0 20.000      2
 1.9075    0.0 1.9075 1.5000
    293 69.750    0.0 20.000      2
 1.9989    0.0 1.9989 1.5000
    294 69.875    0.0 20.000      2
 0.5342    0.0 0.5342 1.5000
    295 70.000    0.0 20.000      2
 0.4626    0.0 0.4626 1.5000
    296 70.000    0.0 20.000      2
 0.4626    0.0 0.4626 1.5000
    297 65.000    0.0 20.000      2
 0.5973    0.0 0.5973 1.5000
    298 58.000    0.0 20.000      2
 0.7555    0.0 0.7555 1.5000
    299 57.000    0.0 20.000      2
 0.8447    0.0 0.8447 1.5000
    300 56.000    0.0 20.000      2
 0.8859    0.0 0.8859 1.5000
    301 49.000    0.0 20.000      2
 0.4626    0.0 0.4626 1.5000
    302 47.000    0.0 20.000      2
 0.4626    0.0 0.4626 1.5000
    303 36.300    0.0 20.000      2
 4.4696    0.0 4.4696 1.5000
    304 36.000    0.0 20.000      2
 0.4626    0.0 0.4626 1.5000
    305 27.000    0.0 20.000      2
 5.7351    0.0 5.7351 1.5000
    306 21.100    0.0 20.000      2
 12.362    0.0 12.362 1.5000
    307 23.500    0.0 20.000      2
 12.388    0.0 12.388 1.5000
    308 28.000    0.0 20.000      2
 0.3777    0.0 0.3777 1.5000
    309 75.000    0.0 20.000      2
 1.6681    0.0 1.6681 1.5000
    310 72.000    0.0 20.000      2
 0.4626    0.0 0.4626 1.5000
    311 72.000    0.0 20.000      2
 0.3777    0.0 0.3777 1.5000
    312 45.000    0.0 20.000      2
 1.3620    0.0 1.3620 1.5000
    313 38.000    0.0 20.000      2
 1.6248    0.0 1.6248 1.5000
    314 37.000    0.0 20.000      2
 0.5973    0.0 0.5973 1.5000
    315 37.000    0.0 20.000      2
 0.4626    0.0 0.4626 1.5000
    316 35.700    0.0 20.000      2
 0.5973    0.0 0.5973 1.5000
    317 35.600    0.0 20.000      2
 0.7555    0.0 0.7555 1.5000
    318 26.500    0.0 20.000      2
 5.7537    0.0 5.7537 1.5000
    319 21.200    0.0 20.000      2
 12.354    0.0 12.354 1.5000
    320 26.000    0.0 20.000      2
 0.7067    0.0 0.7067 1.5000
    321 75.100    0.0 20.000      2
 1.6681    0.0 1.6681 1.5000
    322 75.200    0.0 20.000      2
 0.5342    0.0 0.5342 1.5000
    323 43.000    0.0 20.000      2
 1.3620    0.0 1.3620 1.5000
    324 40.000    0.0 20.000      2
 1.4872    0.0 1.4872 1.5000
    325 40.000    0.0 20.000      2
 1.6248    0.0 1.6248 1.5000
    326 26.000    0.0 20.000      2
 5.7784    0.0 5.7784 1.5000
    327 24.000    0.0 20.000      2
 5.7846    0.0 5.7846 1.5000
    328 22.650    0.0 20.000      2
 12.325    0.0 12.325 1.5000
    329 21.300    0.0 20.000      2
 12.348    0.0 12.348 1.5000
    330 76.000    0.0 20.000      2
 1.5575    0.0 1.5575 1.5000
    331 78.000    0.0 20.000      2
 0.3777    0.0 0.3777 1.5000
    332 45.000    0.0 20.000      2
 1.2240    0.0 1.2240 1.5000
    333 42.000    0.0 20.000      2
 0.5342    0.0 0.5342 1.5000
    334 21.500    0.0 20.000      2
 12.333    0.0 12.333 1.5000
    335 32.000    0.0 20.000      2
 0.6543    0.0 0.6543 1.5000
    336 77.100    0.0 20.000      2
 1.2810    0.0 1.2810 1.5000
    337 77.000    0.0 20.000      2
 1.4384    0.0 1.4384 1.5000
    338 69.000    0.0 20.000      2
 0.3777    0.0 0.3777 1.5000
    339 67.000    0.0 20.000      2
 0.4626    0.0 0.4626 1.5000
    340 61.000    0.0 20.000      2
 0.5342    0.0 0.5342 1.5000
    341 56.000    0.0 20.000      2
 0.5973    0.0 0.5973 1.5000
    342 51.000    0.0 20.000      2
 0.8447    0.0 0.8447 1.5000
    343 47.000    0.0 20.000      2
 1.1013    0.0 1.1013 1.5000
    344 44.000    0.0 20.000      2
 0.5342    0.0 0.5342 1.5000
    345 43.000    0.0 20.000      2
 0.5342    0.0 0.5342 1.5000
    346 44.000    0.0 20.000      2
 0.5342    0.0 0.5342 1.5000
    347 46.000    0.0 20.000      2
 0.4626    0.0 0.4626 1.5000
    348 22.000    0.0 20.000      2
 12.325    0.0 12.325 1.5000
    349 37.500    0.0 20.000      2
 0.4626    0.0 0.4626 1.5000
    350 77.500    0.0 20.000      2
 1.1945    0.0 1.1945 1.5000
    351 54.500    0.0 20.000      2
 0.8447    0.0 0.8447 1.5000
    352 46.000    0.0 20.000      2
 0.4626    0.0 0.4626 1.5000
    353 32.000    0.0 20.000      2
 0.4626    0.0 0.4626 1.5000
    354 27.000    0.0 20.000      2
 0.8013    0.0 0.8013 1.5000
    355 22.100    0.0 20.000      2
 10.876    0.0 10.876 1.5000
    356 80.000    0.0 20.000      2
 0.8447    0.0 0.8447 1.5000
    357 78.000    0.0 20.000      2
 1.0345    0.0 1.0345 1.5000
    358 79.750    0.0 20.000      2
 1.1945    0.0 1.1945 1.5000
    359 79.875    0.0 20.000      2
 0.5342    0.0 0.5342 1.5000
    360 80.000    0.0 20.000      2
 0.4626    0.0 0.4626 1.5000
    361 24.750    0.0 20.000      2
 0.8013    0.0 0.8013 1.5000
    362 22.500    0.0 20.000      2
 10.863    0.0 10.863 1.5000
    363 83.000    0.0 20.000      2
 0.8013    0.0 0.8013 1.5000
    364 82.000    0.0 20.000      2
 0.4626    0.0 0.4626 1.5000
    365 78.000    0.0 20.000      2
 0.4626    0.0 0.4626 1.5000
    366 58.000    0.0 20.000      2
 0.4626    0.0 0.4626 1.5000
    367 52.000    0.0 20.000      2
 0.3777    0.0 0.3777 1.5000
    368 30.500    0.0 20.000      2
 0.7067    0.0 0.7067 1.5000
    369 23.000    0.0 20.000      2
 10.840    0.0 10.840 1.5000
    370 83.100    0.0 20.000      2
 0.8013    0.0 0.8013 1.5000
    371 83.200    0.0 20.000      2
 0.4626    0.0 0.4626 1.5000
    372 50.000    0.0 20.000      2
 0.3777    0.0 0.3777 1.5000
    373 48.000    0.0 20.000      2
 0.4626    0.0 0.4626 1.5000
    374 44.000    0.0 20.000      2
 0.5342    0.0 0.5342 1.5000
    375 39.000    0.0 20.000      2
 0.5973    0.0 0.5973 1.5000
    376 37.000    0.0 20.000      2
 0.6543    0.0 0.6543 1.5000
    377 34.000    0.0 20.000      2
 0.7067    0.0 0.7067 1.5000
    378 29.000    0.0 20.000      2
 0.7555    0.0 0.7555 1.5000
    379 25.000    0.0 20.000      2
 0.8013    0.0 0.8013 1.5000
    380 24.000    0.0 20.000      2
 10.767    0.0 10.767 1.5000
    381 85.000    0.0 20.000      2
 0.4626    0.0 0.4626 1.5000
    382 85.000    0.0 20.000      2
 0.3777    0.0 0.3777 1.5000
    383 72.000    0.0 20.000      2
 0.8013    0.0 0.8013 1.5000
    384 23.100    0.0 20.000      2
 10.804    0.0 10.804 1.5000
    385 84.000    0.0 20.000      2
 0.3777    0.0 0.3777 1.5000
    386 83.000    0.0 20.000      2
 0.4626    0.0 0.4626 1.5000
    387 79.000    0.0 20.000      2
 0.5342    0.0 0.5342 1.5000
    388 72.000    0.0 20.000      2
 0.5973    0.0 0.5973 1.5000
    389 66.000    0.0 20.000      2
 1.0684    0.0 1.0684 1.5000
    390 23.200    0.0 20.000      2
 10.767    0.0 10.767 1.5000
    391 26.550    0.0 20.000      2
 10.804    0.0 10.804 1.5000
    392 30.000    0.0 20.000      2
 0.5973    0.0 0.5973 1.5000
    393 38.000    0.0 20.000      2
 0.4626    0.0 0.4626 1.5000
    394 87.000    0.0 20.000      2
 0.3777    0.0 0.3777 1.5000
    395 63.000    0.0 20.000      2
 1.1643    0.0 1.1643 1.5000
    396 52.000    0.0 20.000      2
 0.3777    0.0 0.3777 1.5000
    397 23.500    0.0 20.000      2
 10.731    0.0 10.731 1.5000
    398 54.000    0.0 20.000      2
 0.3777    0.0 0.3777 1.5000
    399 48.000    0.0 20.000      2
 0.4626    0.0 0.4626 1.5000
    400 43.000    0.0 20.000      2
 0.5342    0.0 0.5342 1.5000
    401 38.000    0.0 20.000      2
 0.8859    0.0 0.8859 1.5000
    402 36.000    0.0 20.000      2
 0.9253    0.0 0.9253 1.5000
    403 31.000    0.0 20.000      2
 0.9631    0.0 0.9631 1.5000
    404 27.000    0.0 20.000      2
 0.9994    0.0 0.9994 1.5000
    405 25.500    0.0 20.000      2
 1.0345    0.0 1.0345 1.5000
    406 24.000    0.0 20.000      2
 10.721    0.0 10.721 1.5000
    407 60.500    0.0 20.000      2
 1.4134    0.0 1.4134 1.5000
    408 49.500    0.0 20.000      2
 1.7515    0.0 1.7515 1.5000
    409 38.100    0.0 20.000      2
 0.8859    0.0 0.8859 1.5000
    410 31.100    0.0 20.000      2
 0.9631    0.0 0.9631 1.5000
    411 24.100    0.0 20.000      2
 10.704    0.0 10.704 1.5000
    412 87.000    0.0 20.000      2
 0.3777    0.0 0.3777 1.5000
    413 84.000    0.0 20.000      2
 0.4626    0.0 0.4626 1.5000
    414 81.000    0.0 20.000      2
 0.5342    0.0 0.5342 1.5000
    415 76.000    0.0 20.000      2
 0.5973    0.0 0.5973 1.5000
    416 69.000    0.0 20.000      2
 0.7067    0.0 0.7067 1.5000
    417 66.000    0.0 20.000      2
 0.8447    0.0 0.8447 1.5000
    418 58.000    0.0 20.000      2
 1.4134    0.0 1.4134 1.5000
    419 56.000    0.0 20.000      2
 1.4872    0.0 1.4872 1.5000
    420 52.000    0.0 20.000      2
 1.5575    0.0 1.5575 1.5000
    421 48.000    0.0 20.000      2
 1.6027    0.0 1.6027 1.5000
    422 47.200    0.0 20.000      2
 1.6893    0.0 1.6893 1.5000
    423 25.550    0.0 20.000      2
 10.704    0.0 10.704 1.5000
    424 27.000    0.0 20.000      2
 0.3777    0.0 0.3777 1.5000
    425 68.000    0.0 20.000      2
 0.8447    0.0 0.8447 1.5000
    426 47.000    0.0 20.000      2
 2.0862    0.0 2.0862 1.5000
    427 49.000    0.0 20.000      2
 0.3777    0.0 0.3777 1.5000
    428 38.200    0.0 20.000      2
 0.5342    0.0 0.5342 1.5000
    429 31.200    0.0 20.000      2
 0.6543    0.0 0.6543 1.5000
    430 24.200    0.0 20.000      2
 10.648    0.0 10.648 1.5000
    431 47.000    0.0 20.000      2
 1.0684    0.0 1.0684 1.5000
    432 46.000    0.0 20.000      2
 2.1700    0.0 2.1700 1.5000
    433 45.000    0.0 20.000      2
 2.2348    0.0 2.2348 1.5000
    434 46.500    0.0 20.000      2
 2.2978    0.0 2.2978 1.5000
    435 44.000    0.0 20.000      2
 0.3777    0.0 0.3777 1.5000
    436 39.000    0.0 20.000      2
 0.4626    0.0 0.4626 1.5000
    437 24.300    0.0 20.000      2
 10.624    0.0 10.624 1.5000
    438 89.500    0.0 20.000      2
 0.4626    0.0 0.4626 1.5000
    439 70.000    0.0 20.000      2
 0.4626    0.0 0.4626 1.5000
    440 48.000    0.0 20.000      2
 0.5342    0.0 0.5342 1.5000
    441 46.500    0.0 20.000      2
 2.1700    0.0 2.1700 1.5000
    442 44.000    0.0 20.000      2
 2.2978    0.0 2.2978 1.5000
    443 24.500    0.0 20.000      2
 10.594    0.0 10.594 1.5000
    444 25.000    0.0 20.000      2
 10.530    0.0 10.530 1.5000
    445 25.250    0.0 20.000      2
 10.594    0.0 10.594 1.5000
    446 88.750    0.0 20.000      2
 0.7067    0.0 0.7067 1.5000
    447 84.000    0.0 20.000      2
 0.3777    0.0 0.3777 1.5000
    448 82.000    0.0 20.000      2
 0.3777    0.0 0.3777 1.5000
    449 47.000    0.0 20.000      2
 0.6543    0.0 0.6543 1.5000
    450 41.000    0.0 20.000      2
 2.4188    0.0 2.4188 1.5000
    451 25.100    0.0 20.000      2
 10.509    0.0 10.509 1.5000
    452 26.000    0.0 20.000      2
 1.1013    0.0 1.1013 1.5000
    453 90.100    0.0 20.000      2
 0.3777    0.0 0.3777 1.5000
    454 90.000    0.0 20.000      2
 0.4626    0.0 0.4626 1.5000
    455 88.000    0.0 20.000      2
 0.7067    0.0 0.7067 1.5000
    456 79.000    0.0 20.000      2
 0.4626    0.0 0.4626 1.5000
    457 77.000    0.0 20.000      2
 0.6543    0.0 0.6543 1.5000
    458 65.000    0.0 20.000      2
 0.3777    0.0 0.3777 1.5000
    459 59.000    0.0 20.000      2
 0.4626    0.0 0.4626 1.5000
    460 54.000    0.0 20.000      2
 0.5342    0.0 0.5342 1.5000
    461 49.000    0.0 20.000      2
 0.5973    0.0 0.5973 1.5000
    462 40.100    0.0 20.000      2
 2.6977    0.0 2.6977 1.5000
    463 40.000    0.0 20.000      2
 2.7759    0.0 2.7759 1.5000
    464 38.000    0.0 20.000      2
 2.8268    0.0 2.8268 1.5000
    465 28.000    0.0 20.000      2
 0.3777    0.0 0.3777 1.5000
    466 26.600    0.0 20.000      2
 0.4626    0.0 0.4626 1.5000
    467 25.200    0.0 20.000      2
 10.499    0.0 10.499 1.5000
    468 27.000    0.0 20.000      2
 1.0684    0.0 1.0684 1.5000
    469 86.000    0.0 20.000      2
 1.0345    0.0 1.0345 1.5000
    470 80.000    0.0 20.000      2
 0.4626    0.0 0.4626 1.5000
    471 70.000    0.0 20.000      2
 0.8447    0.0 0.8447 1.5000
    472 51.000    0.0 20.000      2
 0.5973    0.0 0.5973 1.5000
    473 41.050    0.0 20.000      2
 2.6977    0.0 2.6977 1.5000
    474 37.000    0.0 20.000      2
 2.8768    0.0 2.8768 1.5000
    475 25.500    0.0 20.000      2
 10.482    0.0 10.482 1.5000
    476 33.000    0.0 20.000      2
 0.9631    0.0 0.9631 1.5000
    477 78.000    0.0 20.000      2
 1.1643    0.0 1.1643 1.5000
    478 76.000    0.0 20.000      2
 1.2810    0.0 1.2810 1.5000
    479 77.000    0.0 20.000      2
 1.4134    0.0 1.4134 1.5000
    480 67.000    0.0 20.000      2
 0.9253    0.0 0.9253 1.5000
    481 42.000    0.0 20.000      2
 1.1332    0.0 1.1332 1.5000
    482 37.000    0.0 20.000      2
 2.8268    0.0 2.8268 1.5000
    483 36.000    0.0 20.000      2
 2.9503    0.0 2.9503 1.5000
    484 35.500    0.0 20.000      2
 2.9983    0.0 2.9983 1.5000
    485 34.000    0.0 20.000      2
 3.0455    0.0 3.0455 1.5000
    486 35.500    0.0 20.000      2
 0.8859    0.0 0.8859 1.5000
    487 38.000    0.0 20.000      2
 0.4626    0.0 0.4626 1.5000
    488 78.500    0.0 20.000      2
 1.1643    0.0 1.1643 1.5000
    489 74.000    0.0 20.000      2
 1.4134    0.0 1.4134 1.5000
    490 74.000    0.0 20.000      2
 0.5342    0.0 0.5342 1.5000
    491 62.000    0.0 20.000      2
 1.0684    0.0 1.0684 1.5000
    492 66.000    0.0 20.000      2
 0.3777    0.0 0.3777 1.5000
    493 53.000    0.0 20.000      2
 0.4626    0.0 0.4626 1.5000
    494 46.000    0.0 20.000      2
 0.8447    0.0 0.8447 1.5000
    495 38.000    0.0 20.000      2
 0.5342    0.0 0.5342 1.5000
    496 37.000    0.0 20.000      2
 2.9503    0.0 2.9503 1.5000
    497 33.000    0.0 20.000      2
 3.0572    0.0 3.0572 1.5000
    498 26.000    0.0 20.000      2
 10.465    0.0 10.465 1.5000
    499 37.000    0.0 20.000      2
 0.6543    0.0 0.6543 1.5000
    500 67.000    0.0 20.000      2
 1.5575    0.0 1.5575 1.5000
    501 49.000    0.0 20.000      2
 0.5342    0.0 0.5342 1.5000
    502 30.500    0.0 20.000      2
 3.0455    0.0 3.0455 1.5000
    503 26.150    0.0 20.000      2
 10.465    0.0 10.465 1.5000
    504 26.300    0.0 20.000      2
 0.6543    0.0 0.6543 1.5000
    505 34.000    0.0 20.000      2
 0.5973    0.0 0.5973 1.5000
    506 79.000    0.0 20.000      2
 0.4626    0.0 0.4626 1.5000
    507 65.500    0.0 20.000      2
 1.6893    0.0 1.6893 1.5000
    508 65.000    0.0 20.000      2
 0.5973    0.0 0.5973 1.5000
    509 58.000    0.0 20.000      2
 1.1013    0.0 1.1013 1.5000
    510 58.000    0.0 20.000      2
 0.4626    0.0 0.4626 1.5000
    511 38.000    0.0 20.000      2
 0.4626    0.0 0.4626 1.5000
    512 33.000    0.0 20.000      2
 0.5973    0.0 0.5973 1.5000
    513 28.000    0.0 20.000      2
 3.1150    0.0 3.1150 1.5000
    514 26.100    0.0 20.000      2
 10.445    0.0 10.445 1.5000
    515 47.000    0.0 20.000      2
 0.3777    0.0 0.3777 1.5000
    516 84.000    0.0 20.000      2
 0.3777    0.0 0.3777 1.5000
    517 64.000    0.0 20.000      2
 1.7515    0.0 1.7515 1.5000
    518 61.500    0.0 20.000      2
 1.8887    0.0 1.8887 1.5000
    519 53.500    0.0 20.000      2
 0.5342    0.0 0.5342 1.5000
    520 56.000    0.0 20.000      2
 0.4626    0.0 0.4626 1.5000
    521 41.000    0.0 20.000      2
 0.3777    0.0 0.3777 1.5000
    522 27.500    0.0 20.000      2
 3.1942    0.0 3.1942 1.5000
    523 27.000    0.0 20.000      2
 3.2053    0.0 3.2053 1.5000
    524 26.600    0.0 20.000      2
 10.317    0.0 10.317 1.5000
    525 26.200    0.0 20.000      2
 10.410    0.0 10.410 1.5000
    526 58.000    0.0 20.000      2
 1.8887    0.0 1.8887 1.5000
    527 55.000    0.0 20.000      2
 1.2529    0.0 1.2529 1.5000
    528 51.000    0.0 20.000      2
 1.3879    0.0 1.3879 1.5000
    529 57.000    0.0 20.000      2
 0.3777    0.0 0.3777 1.5000
    530 26.300    0.0 20.000      2
 10.400    0.0 10.400 1.5000
    531 90.000    0.0 20.000      2
 0.4626    0.0 0.4626 1.5000
    532 26.500    0.0 20.000      2
 10.317    0.0 10.317 1.5000
    533 27.150    0.0 20.000      2
 10.400    0.0 10.400 1.5000
    534 87.500    0.0 20.000      2
 0.7555    0.0 0.7555 1.5000
    535 57.650    0.0 20.000      2
 2.7240    0.0 2.7240 1.5000
    536 54.000    0.0 20.000      2
 2.9138    0.0 2.9138 1.5000
    537 49.100    0.0 20.000      2
 3.3147    0.0 3.3147 1.5000
    538 51.500    0.0 20.000      2
 0.4626    0.0 0.4626 1.5000
    539 50.000    0.0 20.000      2
 0.3777    0.0 0.3777 1.5000
    540 27.000    0.0 20.000      2
 9.7996    0.0 9.7996 1.5000
    541 28.000    0.0 20.000      2
 1.2529    0.0 1.2529 1.5000
    542 91.000    0.0 20.000      2
 0.3777    0.0 0.3777 1.5000
    543 89.000    0.0 20.000      2
 0.4626    0.0 0.4626 1.5000
    544 85.000    0.0 20.000      2
 0.7555    0.0 0.7555 1.5000
    545 82.000    0.0 20.000      2
 0.8013    0.0 0.8013 1.5000
    546 77.000    0.0 20.000      2
 1.1332    0.0 1.1332 1.5000
    547 72.000    0.0 20.000      2
 1.2240    0.0 1.2240 1.5000
    548 67.100    0.0 20.000      2
 1.3086    0.0 1.3086 1.5000
    549 67.000    0.0 20.000      2
 1.3879    0.0 1.3879 1.5000
    550 62.000    0.0 20.000      2
 1.8506    0.0 1.8506 1.5000
    551 57.300    0.0 20.000      2
 2.7240    0.0 2.7240 1.5000
    552 57.200    0.0 20.000      2
 2.8394    0.0 2.8394 1.5000
    553 57.100    0.0 20.000      2
 2.8892    0.0 2.8892 1.5000
    554 57.000    0.0 20.000      2
 2.9015    0.0 2.9015 1.5000
    555 53.000    0.0 20.000      2
 2.9138    0.0 2.9138 1.5000
    556 48.000    0.0 20.000      2
 3.2495    0.0 3.2495 1.5000
    557 47.200    0.0 20.000      2
 3.5234    0.0 3.5234 1.5000
    558 47.100    0.0 20.000      2
 3.5836    0.0 3.5836 1.5000
    559 47.000    0.0 20.000      2
 3.6331    0.0 3.6331 1.5000
    560 46.000    0.0 20.000      2
 3.6818    0.0 3.6818 1.5000
    561 38.000    0.0 20.000      2
 0.3777    0.0 0.3777 1.5000
    562 35.000    0.0 20.000      2
 0.4626    0.0 0.4626 1.5000
    563 30.000    0.0 20.000      2
 0.5342    0.0 0.5342 1.5000
    564 28.550    0.0 20.000      2
 9.7559    0.0 9.7559 1.5000
    565 27.100    0.0 20.000      2
 9.7887    0.0 9.7887 1.5000
    566 37.000    0.0 20.000      2
 0.5342    0.0 0.5342 1.5000
    567 50.000    0.0 20.000      2
 0.4626    0.0 0.4626 1.5000
    568 57.000    0.0 20.000      2
 0.3777    0.0 0.3777 1.5000
    569 77.500    0.0 20.000      2
 1.1332    0.0 1.1332 1.5000
    570 63.100    0.0 20.000      2
 0.4626    0.0 0.4626 1.5000
    571 52.000    0.0 20.000      2
 0.9994    0.0 0.9994 1.5000
    572 47.100    0.0 20.000      2
 3.6331    0.0 3.6331 1.5000
    573 45.000    0.0 20.000      2
 3.7204    0.0 3.7204 1.5000
    574 46.500    0.0 20.000      2
 0.4626    0.0 0.4626 1.5000
    575 27.200    0.0 20.000      2
 9.7632    0.0 9.7632 1.5000
    576 34.500    0.0 20.000      2
 1.1643    0.0 1.1643 1.5000
    577 44.500    0.0 20.000      2
 3.7963    0.0 3.7963 1.5000
    578 44.000    0.0 20.000      2
 3.8430    0.0 3.8430 1.5000
    579 43.000    0.0 20.000      2
 3.8800    0.0 3.8800 1.5000
    580 42.000    0.0 20.000      2
 3.9166    0.0 3.9166 1.5000
    581 27.500    0.0 20.000      2
 9.7559    0.0 9.7559 1.5000
    582 78.000    0.0 20.000      2
 0.8859    0.0 0.8859 1.5000
    583 69.000    0.0 20.000      2
 0.3777    0.0 0.3777 1.5000
    584 56.000    0.0 20.000      2
 0.7067    0.0 0.7067 1.5000
    585 47.200    0.0 20.000      2
 0.5973    0.0 0.5973 1.5000
    586 44.750    0.0 20.000      2
 3.7963    0.0 3.7963 1.5000
    587 43.100    0.0 20.000      2
 3.8800    0.0 3.8800 1.5000
    588 39.000    0.0 20.000      2
 3.9528    0.0 3.9528 1.5000
    589 28.000    0.0 20.000      2
 9.7376    0.0 9.7376 1.5000
    590 41.000    0.0 20.000      2
 0.9631    0.0 0.9631 1.5000
    591 88.000    0.0 20.000      2
 0.3777    0.0 0.3777 1.5000
    592 86.000    0.0 20.000      2
 0.7067    0.0 0.7067 1.5000
    593 83.000    0.0 20.000      2
 0.8013    0.0 0.8013 1.5000
    594 61.000    0.0 20.000      2
 0.4626    0.0 0.4626 1.5000
    595 56.500    0.0 20.000      2
 0.7067    0.0 0.7067 1.5000
    596 38.000    0.0 20.000      2
 4.0947    0.0 4.0947 1.5000
    597 37.100    0.0 20.000      2
 4.1294    0.0 4.1294 1.5000
    598 37.000    0.0 20.000      2
 4.1638    0.0 4.1638 1.5000
    599 36.500    0.0 20.000      2
 4.1894    0.0 4.1894 1.5000
    600 36.000    0.0 20.000      2
 4.2064    0.0 4.2064 1.5000
    601 34.100    0.0 20.000      2
 4.2149    0.0 4.2149 1.5000
    602 32.050    0.0 20.000      2
 4.2234    0.0 4.2234 1.5000
    603 30.000    0.0 20.000      2
 9.7119    0.0 9.7119 1.5000
    604 47.000    0.0 20.000      2
 0.8447    0.0 0.8447 1.5000
    605 55.000    0.0 20.000      2
 0.5342    0.0 0.5342 1.5000
    606 67.000    0.0 20.000      2
 0.3777    0.0 0.3777 1.5000
    607 57.000    0.0 20.000      2
 0.4626    0.0 0.4626 1.5000
    608 45.000    0.0 20.000      2
 0.8859    0.0 0.8859 1.5000
    609 43.200    0.0 20.000      2
 0.9631    0.0 0.9631 1.5000
    610 37.200    0.0 20.000      2
 4.1294    0.0 4.1294 1.5000
    611 36.100    0.0 20.000      2
 4.2064    0.0 4.2064 1.5000
    612 31.500    0.0 20.000      2
 9.7009    0.0 9.7009 1.5000
    613 50.000    0.0 20.000      2
 0.4626    0.0 0.4626 1.5000
    614 47.000    0.0 20.000      2
 0.7555    0.0 0.7555 1.5000
    615 36.200    0.0 20.000      2
 4.1894    0.0 4.1894 1.5000
    616 32.625    0.0 20.000      2
 4.2234    0.0 4.2234 1.5000
    617 31.650    0.0 20.000      2
 9.7009    0.0 9.7009 1.5000
    618 31.800    0.0 20.000      2
 0.5973    0.0 0.5973 1.5000
    619 64.000    0.0 20.000      2
 0.3777    0.0 0.3777 1.5000
    620 56.000    0.0 20.000      2
 0.3777    0.0 0.3777 1.5000
    621 50.000    0.0 20.000      2
 0.4626    0.0 0.4626 1.5000
    622 44.000    0.0 20.000      2
 0.7067    0.0 0.7067 1.5000
    623 37.300    0.0 20.000      2
 1.3355    0.0 1.3355 1.5000
    624 36.300    0.0 20.000      2
 1.5344    0.0 1.5344 1.5000
    625 36.200    0.0 20.000      2
 1.5802    0.0 1.5802 1.5000
    626 34.000    0.0 20.000      2
 1.6248    0.0 1.6248 1.5000
    627 32.000    0.0 20.000      2
 8.7251    0.0 8.7251 1.5000
    628 88.000    0.0 20.000      2
 0.3777    0.0 0.3777 1.5000
    629 41.000    0.0 20.000      2
 0.7555    0.0 0.7555 1.5000
    630 39.050    0.0 20.000      2
 0.8859    0.0 0.8859 1.5000
    631 83.000    0.0 20.000      2
 0.7067    0.0 0.7067 1.5000
    632 76.000    0.0 20.000      2
 0.4626    0.0 0.4626 1.5000
    633 55.000    0.0 20.000      2
 0.3777    0.0 0.3777 1.5000
    634 47.000    0.0 20.000      2
 0.5973    0.0 0.5973 1.5000
    635 38.000    0.0 20.000      2
 0.9994    0.0 0.9994 1.5000
    636 37.000    0.0 20.000      2
 0.5973    0.0 0.5973 1.5000
    637 33.000    0.0 20.000      2
 8.5642    0.0 8.5642 1.5000
    638 33.500    0.0 20.000      2
 8.5642    0.0 8.5642 1.5000
    639 34.000    0.0 20.000      2
 0.5342    0.0 0.5342 1.5000
    640 40.000    0.0 20.000      2
 0.4626    0.0 0.4626 1.5000
    641 78.000    0.0 20.000      2
 0.8859    0.0 0.8859 1.5000
    642 68.000    0.0 20.000      2
 0.5973    0.0 0.5973 1.5000
    643 68.000    0.0 20.000      2
 0.3777    0.0 0.3777 1.5000
    644 69.000    0.0 20.000      2
 0.3777    0.0 0.3777 1.5000
    645 52.000    0.0 20.000      2
 0.5342    0.0 0.5342 1.5000
    646 42.000    0.0 20.000      2
 0.5342    0.0 0.5342 1.5000
    647 37.500    0.0 20.000      2
 0.4626    0.0 0.4626 1.5000
    648 33.100    0.0 20.000      2
 8.5349    0.0 8.5349 1.5000
    649 52.000    0.0 20.000      2
 0.3777    0.0 0.3777 1.5000
    650 75.000    0.0 20.000      2
 1.0345    0.0 1.0345 1.5000
    651 67.500    0.0 20.000      2
 1.3879    0.0 1.3879 1.5000
    652 67.450    0.0 20.000      2
 1.4872    0.0 1.4872 1.5000
    653 64.500    0.0 20.000      2
 1.5802    0.0 1.5802 1.5000
    654 66.000    0.0 20.000      2
 0.3777    0.0 0.3777 1.5000
    655 66.000    0.0 20.000      2
 0.3777    0.0 0.3777 1.5000
    656 57.000    0.0 20.000      2
 0.3777    0.0 0.3777 1.5000
    657 46.000    0.0 20.000      2
 0.4626    0.0 0.4626 1.5000
    658 34.000    0.0 20.000      2
 8.4972    0.0 8.4972 1.5000
    659 48.500    0.0 20.000      2
 0.4626    0.0 0.4626 1.5000
    660 74.900    0.0 20.000      2
 1.1945    0.0 1.1945 1.5000
    661 68.000    0.0 20.000      2
 1.2529    0.0 1.2529 1.5000
    662 67.100    0.0 20.000      2
 1.4630    0.0 1.4630 1.5000
    663 67.000    0.0 20.000      2
 1.5575    0.0 1.5575 1.5000
    664 66.900    0.0 20.000      2
 1.5802    0.0 1.5802 1.5000
    665 63.000    0.0 20.000      2
 2.2665    0.0 2.2665 1.5000
    666 60.500    0.0 20.000      2
 2.3439    0.0 2.3439 1.5000
    667 61.000    0.0 20.000      2
 0.4626    0.0 0.4626 1.5000
    668 35.000    0.0 20.000      2
 8.4972    0.0 8.4972 1.5000
    669 36.000    0.0 20.000      2
 0.5342    0.0 0.5342 1.5000
    670 45.000    0.0 20.000      2
 0.4626    0.0 0.4626 1.5000
    671 54.000    0.0 20.000      2
 0.3777    0.0 0.3777 1.5000
    672 75.450    0.0 20.000      2
 1.1945    0.0 1.1945 1.5000
    673 69.050    0.0 20.000      2
 1.4630    0.0 1.4630 1.5000
    674 67.950    0.0 20.000      2
 1.5802    0.0 1.5802 1.5000
    675 60.000    0.0 20.000      2
 2.3439    0.0 2.3439 1.5000
    676 61.050    0.0 20.000      2
 0.4626    0.0 0.4626 1.5000
    677 60.000    0.0 20.000      2
 0.4626    0.0 0.4626 1.5000
    678 60.000    0.0 20.000      2
 0.3777    0.0 0.3777 1.5000
    679 34.500    0.0 20.000      2
 8.4594    0.0 8.4594 1.5000
    680 58.500    0.0 20.000      2
 2.3891    0.0 2.3891 1.5000
    681 57.000    0.0 20.000      2
 2.4626    0.0 2.4626 1.5000
    682 56.200    0.0 20.000      2
 3.0102    0.0 3.0102 1.5000
    683 56.100    0.0 20.000      2
 3.0688    0.0 3.0688 1.5000
    684 58.000    0.0 20.000      2
 3.1264    0.0 3.1264 1.5000
    685 38.000    0.0 20.000      2
 0.3777    0.0 0.3777 1.5000
    686 36.550    0.0 20.000      2
 8.2890    0.0 8.2890 1.5000
    687 35.100    0.0 20.000      2
 8.3191    0.0 8.3191 1.5000
    688 35.000    0.0 20.000      2
 8.3362    0.0 8.3362 1.5000
    689 36.750    0.0 20.000      2
 8.4594    0.0 8.4594 1.5000
    690 43.375    0.0 20.000      2
 1.1332    0.0 1.1332 1.5000
    691 50.000    0.0 20.000      2
 0.4626    0.0 0.4626 1.5000
    692 76.000    0.0 20.000      2
 1.0684    0.0 1.0684 1.5000
    693 71.000    0.0 20.000      2
 0.6543    0.0 0.6543 1.5000
    694 69.000    0.0 20.000      2
 0.3777    0.0 0.3777 1.5000
    695 57.100    0.0 20.000      2
 2.4626    0.0 2.4626 1.5000
    696 56.350    0.0 20.000      2
 3.0102    0.0 3.0102 1.5000
    697 56.000    0.0 20.000      2
 3.1264    0.0 3.1264 1.5000
    698 54.000    0.0 20.000      2
 0.7067    0.0 0.7067 1.5000
    699 35.500    0.0 20.000      2
 8.2976    0.0 8.2976 1.5000
    700 39.000    0.0 20.000      2
 1.2529    0.0 1.2529 1.5000
    701 77.000    0.0 20.000      2
 0.9253    0.0 0.9253 1.5000
    702 76.000    0.0 20.000      2
 0.6543    0.0 0.6543 1.5000
    703 55.500    0.0 20.000      2
 3.1492    0.0 3.1492 1.5000
    704 55.000    0.0 20.000      2
 3.1605    0.0 3.1605 1.5000
    705 52.000    0.0 20.000      2
 3.2605    0.0 3.2605 1.5000
    706 48.500    0.0 20.000      2
 3.3147    0.0 3.3147 1.5000
    707 49.000    0.0 20.000      2
 0.4626    0.0 0.4626 1.5000
    708 36.000    0.0 20.000      2
 8.2890    0.0 8.2890 1.5000
    709 82.000    0.0 20.000      2
 0.5973    0.0 0.5973 1.5000
    710 57.200    0.0 20.000      2
 1.5110    0.0 1.5110 1.5000
    711 56.500    0.0 20.000      2
 1.6027    0.0 1.6027 1.5000
    712 48.000    0.0 20.000      2
 3.3147    0.0 3.3147 1.5000
    713 36.100    0.0 20.000      2
 8.2761    0.0 8.2761 1.5000
    714 46.000    0.0 20.000      2
 0.9994    0.0 0.9994 1.5000
    715 47.100    0.0 20.000      2
 3.5536    0.0 3.5536 1.5000
    716 47.000    0.0 20.000      2
 3.6331    0.0 3.6331 1.5000
    717 46.100    0.0 20.000      2
 3.6818    0.0 3.6818 1.5000
    718 46.000    0.0 20.000      2
 3.7204    0.0 3.7204 1.5000
    719 51.500    0.0 20.000      2
 0.9994    0.0 0.9994 1.5000
    720 57.000    0.0 20.000      2
 0.8013    0.0 0.8013 1.5000
    721 62.000    0.0 20.000      2
 0.4626    0.0 0.4626 1.5000
    722 87.000    0.0 20.000      2
 0.3777    0.0 0.3777 1.5000
    723 60.000    0.0 20.000      2
 1.4134    0.0 1.4134 1.5000
    724 60.000    0.0 20.000      2
 1.4134    0.0 1.4134 1.5000
    725 47.550    0.0 20.000      2
 3.5536    0.0 3.5536 1.5000
    726 47.500    0.0 20.000      2
 3.6331    0.0 3.6331 1.5000
    727 45.000    0.0 20.000      2
 3.7586    0.0 3.7586 1.5000
    728 36.200    0.0 20.000      2
 8.2631    0.0 8.2631 1.5000
    729 56.000    0.0 20.000      2
 0.4626    0.0 0.4626 1.5000
    730 64.000    0.0 20.000      2
 1.2810    0.0 1.2810 1.5000
    731 48.000    0.0 20.000      2
 1.1013    0.0 1.1013 1.5000
    732 44.000    0.0 20.000      2
 3.7869    0.0 3.7869 1.5000
    733 43.000    0.0 20.000      2
 3.7963    0.0 3.7963 1.5000
    734 41.000    0.0 20.000      2
 3.8057    0.0 3.8057 1.5000
    735 38.000    0.0 20.000      2
 3.8983    0.0 3.8983 1.5000
    736 37.100    0.0 20.000      2
 3.9075    0.0 3.9075 1.5000
    737 36.750    0.0 20.000      2
 8.1370    0.0 8.1370 1.5000
    738 36.400    0.0 20.000      2
 8.1807    0.0 8.1807 1.5000
    739 36.300    0.0 20.000      2
 8.1894    0.0 8.1894 1.5000
    740 38.600    0.0 20.000      2
 8.2631    0.0 8.2631 1.5000
    741 65.000    0.0 20.000      2
 1.1945    0.0 1.1945 1.5000
    742 53.000    0.0 20.000      2
 0.9631    0.0 0.9631 1.5000
    743 48.000    0.0 20.000      2
 0.4626    0.0 0.4626 1.5000
    744 43.100    0.0 20.000      2
 3.7963    0.0 3.7963 1.5000
    745 36.500    0.0 20.000      2
 8.1501    0.0 8.1501 1.5000
    746 41.000    0.0 20.000      2
 0.9994    0.0 0.9994 1.5000
    747 61.000    0.0 20.000      2
 0.3777    0.0 0.3777 1.5000
    748 87.000    0.0 20.000      2
 0.3777    0.0 0.3777 1.5000
    749 82.000    0.0 20.000      2
 0.4626    0.0 0.4626 1.5000
    750 75.000    0.0 20.000      2
 0.5342    0.0 0.5342 1.5000
    751 67.000    0.0 20.000      2
 1.0684    0.0 1.0684 1.5000
    752 66.500    0.0 20.000      2
 1.1945    0.0 1.1945 1.5000
    753 60.000    0.0 20.000      2
 0.7555    0.0 0.7555 1.5000
    754 57.000    0.0 20.000      2
 0.8859    0.0 0.8859 1.5000
    755 37.000    0.0 20.000      2
 8.1370    0.0 8.1370 1.5000
    756 72.000    0.0 20.000      2
 0.9631    0.0 0.9631 1.5000
    757 68.000    0.0 20.000      2
 0.3777    0.0 0.3777 1.5000
    758 66.000    0.0 20.000      2
 0.6543    0.0 0.6543 1.5000
    759 54.000    0.0 20.000      2
 0.3777    0.0 0.3777 1.5000
    760 43.200    0.0 20.000      2
 0.4626    0.0 0.4626 1.5000
    761 37.100    0.0 20.000      2
 7.1273    0.0 7.1273 1.5000
    762 46.000    0.0 20.000      2
 0.8859    0.0 0.8859 1.5000
    763 83.000    0.0 20.000      2
 0.4626    0.0 0.4626 1.5000
    764 77.000    0.0 20.000      2
 0.5973    0.0 0.5973 1.5000
    765 71.000    0.0 20.000      2
 0.4626    0.0 0.4626 1.5000
    766 44.000    0.0 20.000      2
 0.3777    0.0 0.3777 1.5000
    767 38.100    0.0 20.000      2
 0.5342    0.0 0.5342 1.5000
    768 37.650    0.0 20.000      2
 0.5973    0.0 0.5973 1.5000
    769 37.200    0.0 20.000      2
 7.0721    0.0 7.0721 1.5000
    770 37.550    0.0 20.000      2
 7.1273    0.0 7.1273 1.5000
    771 37.300    0.0 20.000      2
 7.0367    0.0 7.0367 1.5000
    772 38.000    0.0 20.000      2
 0.8013    0.0 0.8013 1.5000
    773 54.000    0.0 20.000      2
 0.7067    0.0 0.7067 1.5000
    774 66.000    0.0 20.000      2
 0.3777    0.0 0.3777 1.5000
    775 59.000    0.0 20.000      2
 0.4626    0.0 0.4626 1.5000
    776 58.900    0.0 20.000      2
 0.5342    0.0 0.5342 1.5000
    777 55.000    0.0 20.000      2
 0.5973    0.0 0.5973 1.5000
    778 43.000    0.0 20.000      2
 0.7555    0.0 0.7555 1.5000
    779 62.500    0.0 20.000      2
 0.4626    0.0 0.4626 1.5000
    780 51.000    0.0 20.000      2
 0.6543    0.0 0.6543 1.5000
    781 37.400    0.0 20.000      2
 7.0011    0.0 7.0011 1.5000
    782 47.000    0.0 20.000      2
 0.6543    0.0 0.6543 1.5000
    783 59.000    0.0 20.000      2
 0.3777    0.0 0.3777 1.5000
    784 66.000    0.0 20.000      2
 0.3777    0.0 0.3777 1.5000
    785 48.000    0.0 20.000      2
 0.9631    0.0 0.9631 1.5000
    786 46.000    0.0 20.000      2
 0.9994    0.0 0.9994 1.5000
    787 43.000    0.0 20.000      2
 1.0345    0.0 1.0345 1.5000
    788 40.250    0.0 20.000      2
 6.9191    0.0 6.9191 1.5000
    789 37.500    0.0 20.000      2
 6.9807    0.0 6.9807 1.5000
    790 58.000    0.0 20.000      2
 0.3777    0.0 0.3777 1.5000
    791 85.000    0.0 20.000      2
 0.3777    0.0 0.3777 1.5000
    792 85.000    0.0 20.000      2
 0.3777    0.0 0.3777 1.5000
    793 50.000    0.0 20.000      2
 0.9631    0.0 0.9631 1.5000
    794 37.600    0.0 20.000      2
 6.9602    0.0 6.9602 1.5000
    795 80.000    0.0 20.000      2
 0.3777    0.0 0.3777 1.5000
    796 81.500    0.0 20.000      2
 0.4626    0.0 0.4626 1.5000
    797 52.000    0.0 20.000      2
 0.5973    0.0 0.5973 1.5000
    798 41.000    0.0 20.000      2
 1.0345    0.0 1.0345 1.5000
    799 38.000    0.0 20.000      2
 6.9191    0.0 6.9191 1.5000
    800 79.000    0.0 20.000      2
 0.5342    0.0 0.5342 1.5000
    801 78.000    0.0 20.000      2
 0.4626    0.0 0.4626 1.5000
    802 78.000    0.0 20.000      2
 0.3777    0.0 0.3777 1.5000
    803 74.000    0.0 20.000      2
 0.3777    0.0 0.3777 1.5000
    804 53.000    0.0 20.000      2
 0.4626    0.0 0.4626 1.5000
    805 44.000    0.0 20.000      2
 0.6543    0.0 0.6543 1.5000
    806 41.000    0.0 20.000      2
 6.8309    0.0 6.8309 1.5000
    807 72.100    0.0 20.000      2
 0.5342    0.0 0.5342 1.5000
    808 72.200    0.0 20.000      2
 0.4626    0.0 0.4626 1.5000
    809 74.000    0.0 20.000      2
 0.5973    0.0 0.5973 1.5000
    810 72.000    0.0 20.000      2
 0.5342    0.0 0.5342 1.5000
    811 73.000    0.0 20.000      2
 0.3777    0.0 0.3777 1.5000
    812 73.000    0.0 20.000      2
 0.3777    0.0 0.3777 1.5000
    813 69.000    0.0 20.000      2
 0.4626    0.0 0.4626 1.5000
    814 44.000    0.0 20.000      2
 6.7890    0.0 6.7890 1.5000
    815 69.000    0.0 20.000      2
 0.4626    0.0 0.4626 1.5000
    816 69.000    0.0 20.000      2
 0.4626    0.0 0.4626 1.5000
    817 71.000    0.0 20.000      2
 0.4626    0.0 0.4626 1.5000
    818 44.500    0.0 20.000      2
 6.7890    0.0 6.7890 1.5000
    819 45.000    0.0 20.000      2
 0.8013    0.0 0.8013 1.5000
    820 51.000    0.0 20.000      2
 0.3777    0.0 0.3777 1.5000
    821 70.000    0.0 20.000      2
 0.3777    0.0 0.3777 1.5000
    822 68.000    0.0 20.000      2
 0.6543    0.0 0.6543 1.5000
    823 68.000    0.0 20.000      2
 0.5973    0.0 0.5973 1.5000
    824 67.000    0.0 20.000      2
 0.5973    0.0 0.5973 1.5000
    825 66.000    0.0 20.000      2
 0.5342    0.0 0.5342 1.5000
    826 66.000    0.0 20.000      2
 0.4626    0.0 0.4626 1.5000
    827 63.000    0.0 20.000      2
 0.5342    0.0 0.5342 1.5000
    828 56.000    0.0 20.000      2
 0.3777    0.0 0.3777 1.5000
    829 46.000    0.0 20.000      2
 0.5973    0.0 0.5973 1.5000
    830 44.500    0.0 20.000      2
 6.7732    0.0 6.7732 1.5000
    831 64.000    0.0 20.000      2
 0.6543    0.0 0.6543 1.5000
    832 63.750    0.0 20.000      2
 0.9994    0.0 0.9994 1.5000
    833 63.100    0.0 20.000      2
 0.6543    0.0 0.6543 1.5000
    834 63.200    0.0 20.000      2
 0.5973    0.0 0.5973 1.5000
    835 59.000    0.0 20.000      2
 0.5342    0.0 0.5342 1.5000
    836 57.000    0.0 20.000      2
 0.5973    0.0 0.5973 1.5000
    837 45.550    0.0 20.000      2
 6.5917    0.0 6.5917 1.5000
    838 45.100    0.0 20.000      2
 6.6617    0.0 6.6617 1.5000
    839 45.000    0.0 20.000      2
 6.6937    0.0 6.6937 1.5000
    840 46.250    0.0 20.000      2
 6.7732    0.0 6.7732 1.5000
    841 68.000    0.0 20.000      2
 0.4626    0.0 0.4626 1.5000
    842 63.500    0.0 20.000      2
 0.9994    0.0 0.9994 1.5000
    843 64.000    0.0 20.000      2
 0.6543    0.0 0.6543 1.5000
    844 63.000    0.0 20.000      2
 0.6543    0.0 0.6543 1.5000
    845 59.000    0.0 20.000      2
 0.5973    0.0 0.5973 1.5000
    846 58.000    0.0 20.000      2
 0.5342    0.0 0.5342 1.5000
    847 58.000    0.0 20.000      2
 0.5342    0.0 0.5342 1.5000
    848 55.000    0.0 20.000      2
 0.5973    0.0 0.5973 1.5000
    849 48.000    0.0 20.000      2
 0.4626    0.0 0.4626 1.5000
    850 47.000    0.0 20.000      2
 0.6543    0.0 0.6543 1.5000
    851 45.500    0.0 20.000      2
 6.6241    0.0 6.6241 1.5000
    852 48.000    0.0 20.000      2
 0.5973    0.0 0.5973 1.5000
    853 73.000    0.0 20.000      2
 0.3777    0.0 0.3777 1.5000
    854 68.000    0.0 20.000      2
 0.6543    0.0 0.6543 1.5000
    855 65.000    0.0 20.000      2
 1.0345    0.0 1.0345 1.5000
    856 46.550    0.0 20.000      2
 6.4770    0.0 6.4770 1.5000
    857 46.100    0.0 20.000      2
 6.5537    0.0 6.5537 1.5000
    858 46.000    0.0 20.000      2
 6.5917    0.0 6.5917 1.5000
    859 46.250    0.0 20.000      2
 6.6241    0.0 6.6241 1.5000
    860 47.000    0.0 20.000      2
 0.5342    0.0 0.5342 1.5000
    861 91.000    0.0 20.000      2
 0.4626    0.0 0.4626 1.5000
    862 89.000    0.0 20.000      2
 0.3777    0.0 0.3777 1.5000
    863 67.000    0.0 20.000      2
 0.8859    0.0 0.8859 1.5000
    864 64.550    0.0 20.000      2
 4.4935    0.0 4.4935 1.5000
    865 63.250    0.0 20.000      2
 4.6649    0.0 4.6649 1.5000
    866 61.000    0.0 20.000      2
 4.7707    0.0 4.7707 1.5000
    867 60.100    0.0 20.000      2
 0.7067    0.0 0.7067 1.5000
    868 57.500    0.0 20.000      2
 1.1643    0.0 1.1643 1.5000
    869 56.050    0.0 20.000      2
 1.4872    0.0 1.4872 1.5000
    870 55.550    0.0 20.000      2
 1.7515    0.0 1.7515 1.5000
    871 51.250    0.0 20.000      2
 1.0684    0.0 1.0684 1.5000
    872 47.600    0.0 20.000      2
 6.4050    0.0 6.4050 1.5000
    873 46.500    0.0 20.000      2
 6.5100    0.0 6.5100 1.5000
    874 50.750    0.0 20.000      2
 0.5973    0.0 0.5973 1.5000
    875 56.000    0.0 20.000      2
 0.3777    0.0 0.3777 1.5000
    876 64.100    0.0 20.000      2
 4.4935    0.0 4.4935 1.5000
    877 64.000    0.0 20.000      2
 4.5014    0.0 4.5014 1.5000
    878 63.100    0.0 20.000      2
 4.6265    0.0 4.6265 1.5000
    879 63.000    0.0 20.000      2
 4.6649    0.0 4.6649 1.5000
    880 61.000    0.0 20.000      2
 4.7105    0.0 4.7105 1.5000
    881 58.000    0.0 20.000      2
 4.8228    0.0 4.8228 1.5000
    882 57.300    0.0 20.000      2
 4.8889    0.0 4.8889 1.5000
    883 57.200    0.0 20.000      2
 4.9541    0.0 4.9541 1.5000
    884 57.100    0.0 20.000      2
 5.3622    0.0 5.3622 1.5000
    885 57.000    0.0 20.000      2
 5.3887    0.0 5.3887 1.5000
    886 56.000    0.0 20.000      2
 5.4019    0.0 5.4019 1.5000
    887 55.000    0.0 20.000      2
 5.4085    0.0 5.4085 1.5000
    888 54.100    0.0 20.000      2
 5.6410    0.0 5.6410 1.5000
    889 54.000    0.0 20.000      2
 5.6473    0.0 5.6473 1.5000
    890 53.100    0.0 20.000      2
 5.9906    0.0 5.9906 1.5000
    891 53.000    0.0 20.000      2
 6.0085    0.0 6.0085 1.5000
    892 52.000    0.0 20.000      2
 6.2185    0.0 6.2185 1.5000
    893 47.500    0.0 20.000      2
 6.2357    0.0 6.2357 1.5000
    894 47.300    0.0 20.000      2
 6.3771    0.0 6.3771 1.5000
    895 47.200    0.0 20.000      2
 6.4050    0.0 6.4050 1.5000
    896 47.100    0.0 20.000      2
 6.4384    0.0 6.4384 1.5000
    897 47.000    0.0 20.000      2
 6.4770    0.0 6.4770 1.5000
    898 88.000    0.0 20.000      2
 0.8013    0.0 0.8013 1.5000
    899 79.000    0.0 20.000      2
 0.3777    0.0 0.3777 1.5000
    900 82.000    0.0 20.000      2
 0.4626    0.0 0.4626 1.5000
    901 66.250    0.0 20.000      2
 4.2987    0.0 4.2987 1.5000
    902 64.500    0.0 20.000      2
 4.3564    0.0 4.3564 1.5000
    903 59.000    0.0 20.000      2
 4.8228    0.0 4.8228 1.5000
    904 57.650    0.0 20.000      2
 4.8889    0.0 4.8889 1.5000
    905 57.100    0.0 20.000      2
 5.3887    0.0 5.3887 1.5000
    906 54.550    0.0 20.000      2
 5.6410    0.0 5.6410 1.5000
    907 53.550    0.0 20.000      2
 5.9906    0.0 5.9906 1.5000
    908 53.000    0.0 20.000      2
 6.2185    0.0 6.2185 1.5000
    909 53.500    0.0 20.000      2
 0.5973    0.0 0.5973 1.5000
    910 56.000    0.0 20.000      2
 0.5342    0.0 0.5342 1.5000
    911 89.900    0.0 20.000      2
 0.6543    0.0 0.6543 1.5000
    912 85.000    0.0 20.000      2
 0.8013    0.0 0.8013 1.5000
    913 81.000    0.0 20.000      2
 0.9253    0.0 0.9253 1.5000
    914 65.500    0.0 20.000      2
 4.2987    0.0 4.2987 1.5000
    915 65.000    0.0 20.000      2
 4.3318    0.0 4.3318 1.5000
    916 57.250    0.0 20.000      2
 5.3622    0.0 5.3622 1.5000
    917 53.800    0.0 20.000      2
 0.5342    0.0 0.5342 1.5000
    918 53.650    0.0 20.000      2
 0.5342    0.0 0.5342 1.5000
    919 57.000    0.0 20.000      2
 0.4626    0.0 0.4626 1.5000
    920 90.000    0.0 20.000      2
 0.5342    0.0 0.5342 1.5000
    921 80.200    0.0 20.000      2
 1.2529    0.0 1.2529 1.5000
    922 76.200    0.0 20.000      2
 1.4384    0.0 1.4384 1.5000
    923 75.500    0.0 20.000      2
 1.5575    0.0 1.5575 1.5000
    924 69.000    0.0 20.000      2
 0.6543    0.0 0.6543 1.5000
    925 66.000    0.0 20.000      2
 4.2654    0.0 4.2654 1.5000
    926 60.000    0.0 20.000      2
 1.6027    0.0 1.6027 1.5000
    927 58.000    0.0 20.000      2
 1.8698    0.0 1.8698 1.5000
    928 57.400    0.0 20.000      2
 2.0166    0.0 2.0166 1.5000
    929 57.200    0.0 20.000      2
 2.0166    0.0 2.0166 1.5000
    930 55.000    0.0 20.000      2
 1.5575    0.0 1.5575 1.5000
    931 54.000    0.0 20.000      2
 0.8447    0.0 0.8447 1.5000
    932 54.000    0.0 20.000      2
 1.5575    0.0 1.5575 1.5000
    933 60.000    0.0 20.000      2
 0.5342    0.0 0.5342 1.5000
    934 95.000    0.0 20.000      2
 0.4626    0.0 0.4626 1.5000
    935 67.000    0.0 20.000      2
 4.2486    0.0 4.2486 1.5000
    936 64.000    0.0 20.000      2
 1.1945    0.0 1.1945 1.5000
    937 62.000    0.0 20.000      2
 1.2529    0.0 1.2529 1.5000
    938 55.500    0.0 20.000      2
 0.8447    0.0 0.8447 1.5000
    939 60.100    0.0 20.000      2
 0.5342    0.0 0.5342 1.5000
    940 60.200    0.0 20.000      2
 0.4626    0.0 0.4626 1.5000
    941 83.000    0.0 20.000      2
 0.6543    0.0 0.6543 1.5000
    942 80.100    0.0 20.000      2
 2.1864    0.0 2.1864 1.5000
    943 76.100    0.0 20.000      2
 2.2978    0.0 2.2978 1.5000
    944 74.750    0.0 20.000      2
 2.8142    0.0 2.8142 1.5000
    945 68.600    0.0 20.000      2
 3.3575    0.0 3.3575 1.5000
    946 68.000    0.0 20.000      2
 4.1724    0.0 4.1724 1.5000
    947 66.000    0.0 20.000      2
 1.1332    0.0 1.1332 1.5000
    948 62.000    0.0 20.000      2
 0.9253    0.0 0.9253 1.5000
    949 57.000    0.0 20.000      2
 1.5110    0.0 1.5110 1.5000
    950 57.000    0.0 20.000      2
 0.3777    0.0 0.3777 1.5000
    951 56.000    0.0 20.000      2
 1.5344    0.0 1.5344 1.5000
    952 66.000    0.0 20.000      2
 0.4626    0.0 0.4626 1.5000
    953 67.000    0.0 20.000      2
 0.3777    0.0 0.3777 1.5000
    954 109.00    0.0 20.000      2
 0.3777    0.0 0.3777 1.5000
    955 103.00    0.0 20.000      2
 0.4626    0.0 0.4626 1.5000
    956 81.000    0.0 20.000      2
 1.9446    0.0 1.9446 1.5000
    957 80.000    0.0 20.000      2
 2.1864    0.0 2.1864 1.5000
    958 78.000    0.0 20.000      2
 2.2026    0.0 2.2026 1.5000
    959 76.000    0.0 20.000      2
 2.2978    0.0 2.2978 1.5000
    960 75.000    0.0 20.000      2
 2.8015    0.0 2.8015 1.5000
    961 74.000    0.0 20.000      2
 2.8142    0.0 2.8142 1.5000
    962 72.000    0.0 20.000      2
 2.8268    0.0 2.8268 1.5000
    963 68.200    0.0 20.000      2
 3.3575    0.0 3.3575 1.5000
    964 68.100    0.0 20.000      2
 3.3997    0.0 3.3997 1.5000
    965 70.500    0.0 20.000      2
 4.1724    0.0 4.1724 1.5000
    966 63.500    0.0 20.000      2
 0.4626    0.0 0.4626 1.5000
    967 61.000    0.0 20.000      2
 1.0684    0.0 1.0684 1.5000
    968 58.000    0.0 20.000      2
 1.4384    0.0 1.4384 1.5000
    969 60.000    0.0 20.000      2
 1.5110    0.0 1.5110 1.5000
    970 57.000    0.0 20.000      2
 1.5344    0.0 1.5344 1.5000
    971 58.000    0.0 20.000      2
 0.9253    0.0 0.9253 1.5000
    972 97.200    0.0 20.000      2
 0.5342    0.0 0.5342 1.5000
    973 88.000    0.0 20.000      2
 0.6543    0.0 0.6543 1.5000
    974 83.000    0.0 20.000      2
 2.0517    0.0 2.0517 1.5000
    975 73.000    0.0 20.000      2
 1.6681    0.0 1.6681 1.5000
    976 73.000    0.0 20.000      2
 2.3891    0.0 2.3891 1.5000
    977 68.000    0.0 20.000      2
 1.0684    0.0 1.0684 1.5000
    978 65.000    0.0 20.000      2
 0.8859    0.0 0.8859 1.5000
    979 66.000    0.0 20.000      2
 0.3777    0.0 0.3777 1.5000
    980 64.000    0.0 20.000      2
 1.0345    0.0 1.0345 1.5000
    981 63.000    0.0 20.000      2
 0.5342    0.0 0.5342 1.5000
    982 57.000    0.0 20.000      2
 1.5110    0.0 1.5110 1.5000
    983 72.000    0.0 20.000      2
 0.3777    0.0 0.3777 1.5000
    984 87.000    0.0 20.000      2
 1.5110    0.0 1.5110 1.5000
    985 86.000    0.0 20.000      2
 1.8698    0.0 1.8698 1.5000
    986 85.000    0.0 20.000      2
 1.9446    0.0 1.9446 1.5000
    987 84.500    0.0 20.000      2
 2.0517    0.0 2.0517 1.5000
    988 68.100    0.0 20.000      2
 1.0684    0.0 1.0684 1.5000
    989 68.200    0.0 20.000      2
 0.8859    0.0 0.8859 1.5000
    990 97.100    0.0 20.000      2
 1.0684    0.0 1.0684 1.5000
    991 88.000    0.0 20.000      2
 1.7103    0.0 1.7103 1.5000
    992 86.000    0.0 20.000      2
 0.5342    0.0 0.5342 1.5000
    993 74.000    0.0 20.000      2
 1.6027    0.0 1.6027 1.5000
    994 75.000    0.0 20.000      2
 2.3590    0.0 2.3590 1.5000
    995 73.000    0.0 20.000      2
 0.9253    0.0 0.9253 1.5000
    996 69.000    0.0 20.000      2
 0.8013    0.0 0.8013 1.5000
    997 66.000    0.0 20.000      2
 0.9994    0.0 0.9994 1.5000
    998 62.000    0.0 20.000      2
 1.1013    0.0 1.1013 1.5000
    999 97.000    0.0 20.000      2
 1.0684    0.0 1.0684 1.5000
   1000 95.000    0.0 20.000      2
 1.1332    0.0 1.1332 1.5000
   1001 92.000    0.0 20.000      2
 1.5110    0.0 1.5110 1.5000
   1002 74.500    0.0 20.000      2
 1.6027    0.0 1.6027 1.5000
   1003 75.000    0.0 20.000      2
 0.4626    0.0 0.4626 1.5000
   1004 66.100    0.0 20.000      2
 0.9994    0.0 0.9994 1.5000
   1005 66.200    0.0 20.000      2
 0.8447    0.0 0.8447 1.5000
   1006 70.000    0.0 20.000      2
 0.5342    0.0 0.5342 1.5000
   1007 67.500    0.0 20.000      2
 0.6543    0.0 0.6543 1.5000
   1008 65.000    0.0 20.000      2
 0.9253    0.0 0.9253 1.5000
   1009 64.000    0.0 20.000      2
 1.1013    0.0 1.1013 1.5000
   1010 66.000    0.0 20.000      2
 0.8447    0.0 0.8447 1.5000
   1011 71.000    0.0 20.000      2
 0.4626    0.0 0.4626 1.5000
   1012 106.00    0.0 20.000      2
 0.9631    0.0 0.9631 1.5000
   1013 93.450    0.0 20.000      2
 0.9253    0.0 0.9253 1.5000
   1014 92.000    0.0 20.000      2
 0.4626    0.0 0.4626 1.5000
   1015 76.000    0.0 20.000      2
 1.5344    0.0 1.5344 1.5000
   1016 75.500    0.0 20.000      2
 2.2978    0.0 2.2978 1.5000
   1017 78.000    0.0 20.000      2
 0.5973    0.0 0.5973 1.5000
   1018 74.000    0.0 20.000      2
 0.6543    0.0 0.6543 1.5000
   1019 72.000    0.0 20.000      2
 0.8859    0.0 0.8859 1.5000
   1020 68.000    0.0 20.000      2
 0.8859    0.0 0.8859 1.5000
   1021 107.00    0.0 20.000      2
 0.9253    0.0 0.9253 1.5000
   1022 106.10    0.0 20.000      2
 0.9631    0.0 0.9631 1.5000
   1023 78.000    0.0 20.000      2
 1.4630    0.0 1.4630 1.5000
   1024 77.250    0.0 20.000      2
 2.2507    0.0 2.2507 1.5000
   1025 79.000    0.0 20.000      2
 0.3777    0.0 0.3777 1.5000
   1026 77.000    0.0 20.000      2
 0.6543    0.0 0.6543 1.5000
   1027 80.000    0.0 20.000      2
 0.3777    0.0 0.3777 1.5000
   1028 69.000    0.0 20.000      2
 0.8859    0.0 0.8859 1.5000
   1029 70.000    0.0 20.000      2
 0.5973    0.0 0.5973 1.5000
   1030 117.00    0.0 20.000      2
 0.7555    0.0 0.7555 1.5000
   1031 106.20    0.0 20.000      2
 0.7067    0.0 0.7067 1.5000
   1032 98.900    0.0 20.000      2
 0.8859    0.0 0.8859 1.5000
   1033 81.000    0.0 20.000      2
 1.3879    0.0 1.3879 1.5000
   1034 77.000    0.0 20.000      2
 2.2026    0.0 2.2026 1.5000
   1035 86.000    0.0 20.000      2
 0.4626    0.0 0.4626 1.5000
   1036 80.000    0.0 20.000      2
 0.5973    0.0 0.5973 1.5000
   1037 76.000    0.0 20.000      2
 0.8447    0.0 0.8447 1.5000
   1038 76.000    0.0 20.000      2
 0.5973    0.0 0.5973 1.5000
   1039 118.00    0.0 20.000      2
 0.7067    0.0 0.7067 1.5000
   1040 113.00    0.0 20.000      2
 0.7067    0.0 0.7067 1.5000
   1041 99.000    0.0 20.000      2
 0.6543    0.0 0.6543 1.5000
   1042 107.00    0.0 20.000      2
 0.3777    0.0 0.3777 1.5000
   1043 85.000    0.0 20.000      2
 1.2240    0.0 1.2240 1.5000
   1044 78.000    0.0 20.000      2
 2.2026    0.0 2.2026 1.5000
   1045 79.000    0.0 20.000      2
 0.5973    0.0 0.5973 1.5000
   1046 76.500    0.0 20.000      2
 0.8447    0.0 0.8447 1.5000
   1047 77.000    0.0 20.000      2
 0.4626    0.0 0.4626 1.5000
   1048 121.00    0.0 20.000      2
 0.3777    0.0 0.3777 1.5000
   1049 87.000    0.0 20.000      2
 1.1332    0.0 1.1332 1.5000
   1050 77.100    0.0 20.000      2
 2.1369    0.0 2.1369 1.5000
   1051 96.000    0.0 20.000      2
 0.3777    0.0 0.3777 1.5000
   1052 87.000    0.0 20.000      2
 0.4626    0.0 0.4626 1.5000
   1053 82.000    0.0 20.000      2
 0.7067    0.0 0.7067 1.5000
   1054 84.000    0.0 20.000      2
 0.3777    0.0 0.3777 1.5000
   1055 83.000    0.0 20.000      2
 0.5342    0.0 0.5342 1.5000
   1056 87.100    0.0 20.000      2
 1.1332    0.0 1.1332 1.5000
   1057 87.200    0.0 20.000      2
 0.5342    0.0 0.5342 1.5000
   1058 93.000    0.0 20.000      2
 1.0345    0.0 1.0345 1.5000
   1059 81.000    0.0 20.000      2
 1.9809    0.0 1.9809 1.5000
   1060 91.000    0.0 20.000      2
 0.3777    0.0 0.3777 1.5000
   1061 88.000    0.0 20.000      2
 0.4626    0.0 0.4626 1.5000
   1062 84.000    0.0 20.000      2
 1.8116    0.0 1.8116 1.5000
   1063 84.000    0.0 20.000      2
 1.9809    0.0 1.9809 1.5000
   1064 87.000    0.0 20.000      2
 0.4626    0.0 0.4626 1.5000
   1065 93.000    0.0 20.000      2
 0.3777    0.0 0.3777 1.5000
   1066 99.000    0.0 20.000      2
 0.9253    0.0 0.9253 1.5000
   1067 86.000    0.0 20.000      2
 1.7515    0.0 1.7515 1.5000
   1068 106.00    0.0 20.000      2
 0.8447    0.0 0.8447 1.5000
   1069 108.00    0.0 20.000      2
 0.7067    0.0 0.7067 1.5000
   1070 87.000    0.0 20.000      2
 1.6681    0.0 1.6681 1.5000
   1071 117.00    0.0 20.000      2
 0.3777    0.0 0.3777 1.5000
   1072 109.50    0.0 20.000      2
 0.7067    0.0 0.7067 1.5000
   1073 88.000    0.0 20.000      2
 1.6681    0.0 1.6681 1.5000
   1074 89.000    0.0 20.000      2
 0.5342    0.0 0.5342 1.5000
   1075 111.00    0.0 20.000      2
 0.4626    0.0 0.4626 1.5000
   1076 88.000    0.0 20.000      2
 1.5802    0.0 1.5802 1.5000
   1077 114.00    0.0 20.000      2
 0.4626    0.0 0.4626 1.5000
   1078 94.000    0.0 20.000      2
 1.3355    0.0 1.3355 1.5000
   1079 113.00    0.0 20.000      2
 0.4626    0.0 0.4626 1.5000
   1080 97.000    0.0 20.000      2
 1.2529    0.0 1.2529 1.5000
   1081 115.00    0.0 20.000      2
 0.3777    0.0 0.3777 1.5000
   1082 106.00    0.0 20.000      2
 0.6543    0.0 0.6543 1.5000
   1083 101.00    0.0 20.000      2
 0.7555    0.0 0.7555 1.5000
   1084 98.000    0.0 20.000      2
 1.1643    0.0 1.1643 1.5000
   1085 98.250    0.0 20.000      2
 1.2529    0.0 1.2529 1.5000
   1086 99.500    0.0 20.000      2
 0.3777    0.0 0.3777 1.5000
