:OC1 - SLAPTON WOOD CATCHMENT - OC COMPONENT DATA SET : 22/10/96 (BASIC)
      1      1      3      F
:OC2 - TIMESTEP CONTROL
    2.0 99999.
:OC3 - OTHER PARAMETERS (SMIN, CDRS=1.0, TDC, TFC) - AP 7/5/93 + OC35
   100.    1.0     0.     0.     0.
:OC20 - NUMBER OF HEAD BOUNDARY CATEGORIES
      0      0      0
:OC30 - CHANNEL DEFINITION (DEFAULT CROSS-SECTIONS)
      0
:OC35 - CHANNEL LINK DATA (LINK NO.,BED ELEV., DEPTH, STR. COEF.,DEF.X-S)
      1  23.62   0.10   25.0      5
   1.17    0.0   1.84  0.135   3.27  0.285   4.20   0.41   5.30   0.90
             1   7.66 .66666  24.02   21.9
      2  24.33   0.10   25.0      5
   1.17    0.0   1.84  0.135   3.27  0.285   4.20   0.41   5.30   0.56
      3  28.10   0.10   25.0      5
   1.17    0.0   1.84  0.135   3.27  0.285   4.20   0.41   5.30   0.56
      4  29.44   0.10   25.0      5
   1.17    0.0   1.84  0.135   3.27  0.285   4.20   0.41   5.30   0.56
      5  31.73   0.10   25.0      5
   1.17    0.0   1.84  0.135   3.27  0.285   4.20   0.41   5.30   0.56
      6  33.40   0.10   25.0      5
   1.17    0.0   1.84  0.135   3.27  0.285   4.20   0.41   5.30   0.56
      7  36.07   0.10   25.0      5
   1.17    0.0   1.84  0.135   3.27  0.285   4.20   0.41   5.30   0.56
      8  69.70   0.10   25.0      5
  0.625    0.0   1.85   0.16  2.225  0.335  2.425  0.485   3.05   0.66
      9  61.07   0.10   25.0      5
  0.625    0.0   1.85   0.16  2.225  0.335  2.425  0.485   3.05   0.66
     10  50.78   0.10   25.0      5
  0.625    0.0   1.85   0.16  2.225  0.335  2.425  0.485   3.05   0.66
     11  40.50   0.10   25.0      5
  0.625    0.0   1.85   0.16  2.225  0.335  2.425  0.485   3.05   0.66
     12  40.33   0.10   25.0      5
   1.57    0.0   2.17   0.21   2.51  0.435   2.59  0.635 3.0125  0.835
     13  43.61   0.10   25.0      5
   1.57    0.0   2.17   0.21   2.51  0.435   2.59  0.635 3.0125  0.835
     14  47.17   0.10   25.0      5
   1.57    0.0   2.17   0.21   2.51  0.435   2.59  0.635 3.0125  0.835
     15  49.50   0.10   25.0      5
   1.57    0.0   2.17   0.21   2.51  0.435   2.59  0.635 3.0125  0.835
     16  53.33   0.10   25.0      5
   1.57    0.0   2.17   0.21   2.51  0.435   2.59  0.635 3.0125  0.835
     17  56.11   0.10   25.0      5
   1.23    0.0   1.73  0.185   2.31  0.335   3.71   0.51   4.70   0.66
     18  59.44   0.10   25.0      5
   1.23    0.0   1.73  0.185   2.31  0.335   3.71   0.51   4.70   0.66
     19  63.90   0.10   25.0      5
   1.23    0.0   1.73  0.185   2.31  0.335   3.71   0.51   4.70   0.66
     20  67.38   0.10   25.0      5
   1.23    0.0   1.73  0.185   2.31  0.335   3.71   0.51   4.70   0.66
     21  69.66   0.10   25.0      5
   1.23    0.0   1.73  0.185   2.31  0.335   3.71   0.51   4.70   0.66
     22  70.26   0.10   25.0      5
   1.23    0.0   1.73  0.185   2.31  0.335   3.71   0.51   4.70   0.66
     23  72.76   0.10   25.0      5
  0.625    0.0   1.45  0.135  2.125   0.26   2.80   0.41   3.40  0.535
     24  76.05   0.51   25.0      5
  0.625    0.0   1.45  0.135  2.125   0.26   2.80   0.41   3.40  0.535
     25  78.89   0.10   25.0      5
  0.625    0.0   1.45  0.135  2.125   0.26   2.80   0.41   3.40  0.535
     26  82.78   0.10   25.0      5
  0.625    0.0   1.45  0.135  2.125   0.26   2.80   0.41   3.40  0.535
     27  87.95   0.10   25.0      5
  0.625    0.0   1.45  0.135  2.125   0.26   2.80   0.41   3.40  0.535

